1,0015958284,
2,0,
3,0016002655,
4,0015956754,
5,0015956754,
6,0015968949,
7,0015100300,
8,0015956754,
9,0015785922,
10,0015957000,
11,0015955399,
12,0015890264,
13,0003700833,
14,0015914697,
15,0015969859,
16,0015915602,
17,0015916244,
18,0015985951,1
19,0015916768,1
20,0015888541,1
21,0015942934,1
22,0015955103,1
23,0015921370,1
24,0015912755,1
25,0015913035,1
26,0015942736,1
27,0015908036,1
28,0015937251,1
29,0015940098,1
30,0015943222,1
31,0015954390,1
32,0015955917,1
33,0015892889,1
34,0015938302,1
35,0015908450,1
36,0015955666,1
37,0015890973,1
38,0015890935,1
39,0015931060,1
40,0015912820,1
41,0015944118,
42,0015892897,
43,0015955748,
44,0015956754,
45,0015956754,
46,0015890947,
47,0015933410,
48,0015955011,
49,0015785845,
50,0015890239,
51,0015890920,
52,0000000000,
53,0000000000,
54,0015922723,
55,0015922273,
56,0015922273,
57,0015922273,
58,0015890018,
59,0015942464,1
60,0015941396,1
61,0015958716,1
62,0015954115,1
63,0015956105,1
64,0015937461,1
65,0015954664,1
66,0015954291,1
67,0015916078,1
68,0015953266,1
69,0015954899,1
70,0015958714,1
71,0015945889,1
72,0015892902,1
73,0015955266,1
74,0015931698,1
75,0015918777,1
76,0015917375,1
77,0015954449,1
78,0015889746,1
79,0015936755,1
80,0015912820,1
81,0015944737,
82,0015958284,
83,0015956754,
84,0015892895,
85,0000000000,
86,0015958285,
87,0000000000,
88,0015809732,
89,0015922273,
90,0015922273,
91,0015787447,1
92,0015959304,1
93,0015954330,1
94,0015955154,1
95,0015918978,1
96,0015918170,1
97,0015890965,1
98,0015956136,1
99,0015953744,1
100,0015957624,1
101,0015908411,1
102,0015917254,1
103,0015939002,1
104,0015892889,1
105,0015906109,1
106,0015912820,1
107,0015931799,1
108,0015908892,1
109,0015890654,1
110,0015940271,1
111,0015952890,1
112,0015953409,1
113,0015909950,1
114,0015908626,1
115,0015889212,1
116,0015937416,1
117,0015906546,1
118,0015953177,1
119,0015930853,1
120,0015886660,1
121,0003700833,
122,0015923224,
123,0015892897,
124,0015917097,
125,0015890255,
126,0015909943,
127,0015957850,
128,0015889215,
129,0015889754,
130,0015728797,1
131,0015913580,1
132,0015909254,1
133,0015914981,1
134,0015906634,1
135,0015939785,1
136,0015933532,1
137,0015935747,1
138,0015890221,1
139,0015890662,1
140,0015889530,1
141,0015939859,1
142,0015933532,1
143,0015907422,1
144,0015937251,1
145,0015907798,1
146,0015888557,1
147,0015953616,1
148,0015935124,1
149,0015958333,1
150,0015916022,1
151,0015956926,1
152,0015954721,1
153,0015954643,1
154,0015911131,1
155,0015922540,1
156,0015920161,1
157,0015940583,1
158,0015890436,1
159,0015919680,1
160,0015934322,1
161,0015958284,
162,0015893201,
163,0015898845,
164,0015892898,
165,0015958284,
166,0015957604,
167,0015958612,
168,0015955788,
169,0016004479,
170,0015910673,
171,0015917866,
172,0015940098,1
173,0015890959,1
174,0015886848,1
175,0015888524,1
176,0015886895,1
177,0015931698,1
178,0015954278,1
179,0015910609,1
180,0015910494,1
181,0015908843,1
182,0015910813,1
183,0015886119,1
184,0015917101,1
185,0015957623,1
186,0015956399,1
187,0015933532,1
188,0015918776,1
189,0015916022,1
190,0015912776,1
191,0015889754,1
192,0015888572,1
193,0015911518,1
194,0015953409,1
195,0015933532,1
196,0015908036,1
197,0015890227,1
198,0015946244,1
199,0015893184,1
200,0015917964,1
201,0015954705,1
202,0015889212,1
203,0015893192,1
204,0015893202,1
205,0015917394,1
206,0015945689,1
207,0015908474,1
208,0015932484,1
209,0015885981,1
210,0015926462,1
211,0015940526,1
212,0015886855,1
213,0015916869,1
214,0015937461,1
215,0015890243,1
216,0015957001,1
217,0015907632,1
218,0015954291,1
219,0015887066,1
220,0015906083,1
221,0015948416,1
222,0015943835,1
223,0015931386,1
224,0015906464,1
225,0015909956,1
226,0015959268,1
227,0015886842,1
228,0015918776,1
229,0015955699,1
230,0015952498,1
231,0015906156,1
232,0015910434,1
233,0015889757,1
234,0015916051,1
235,0015954362,1
236,0015890248,1
237,0015923201,1
238,0015944731,1
239,0015906722,1
240,0015954344,1
241,0015916846,1
242,0015886844,1
243,0015955569,1
244,0015937461,1
245,0015916845,1
246,0015937461,1
247,0015939002,1
248,0015889499,1
249,0015915527,1
250,0015906546,1
251,0015931799,1
252,0015915763,1
253,0015921679,1
254,0015890455,1
255,0015907185,1
256,0015959304,1
257,0015913522,1
258,0015920425,1
259,0015943608,1
260,0015959270,1
261,0015908474,1
262,0015953290,1
263,0015889752,1
264,0015954407,1
265,0015941670,1
266,0015956926,1
267,0015890019,1
268,0015955526,1
269,0015918776,1
270,0015943515,1
271,0015890668,1
272,0015893206,1
273,0015886110,1
274,0015890930,1
275,0015909955,1
276,0015954115,1
277,0015886892,1
278,0015937295,1
279,0015909953,1
280,0015939155,1
281,0015953320,1
282,0015907474,1
283,0015890927,1
284,0015954993,1
285,0015959266,1
286,0015887068,1
287,0015916869,1
288,0015937893,1
289,0015922199,1
290,0015906981,1
291,0015888562,1
292,0015921679,1
293,0015917090,1
294,0015918589,1
295,0015893179,1
296,0015926462,1
297,0015889221,1
298,0015918430,1
299,0015890020,1
300,0015885977,1
301,0015921679,1
302,0015916869,1
303,0015885980,1
304,0015886848,1
305,0015906520,1
306,0015922199,1
307,0015892890,1
308,0015890928,1
309,0015953397,1
310,0015924465,1
311,0015956813,1
312,0015954507,1
313,0015889767,1
314,0015889752,1
315,0015956219,1
316,0015955266,1
317,0015906084,1
318,0015954367,1
319,0015887077,1
320,0015934322,1
321,0015958610,1
322,0015922557,1
323,0015954625,1
324,0015958285,1
325,0015913474,1
326,0015907270,1
327,0015956813,1
328,0015907181,1
329,0015918621,1
330,0015955390,1
331,0015890954,1
332,0015955801,1
333,0015946244,1
334,0015918978,1
335,0015918174,1
336,0015938218,1
337,0015956345,1
338,0015931386,1
339,0015957604,1
340,0015936755,1
341,0015907474,1
342,0015917493,1
343,0015954390,1
344,0015890247,1
345,0015958828,1
346,0015954344,1
347,0015938218,1
348,0015888557,1
349,0015939747,1
350,0015954667,1
351,0015931320,1
352,0015919063,1
353,0015940386,1
354,0015913474,1
355,0015886114,1
356,0015890683,1
357,0015906722,1
358,0015958670,1
359,0015934808,1
360,0015954639,1
361,0015886893,1
362,0015936691,1
363,0015940881,1
364,0015939188,1
365,0015893165,1
366,0015930537,1
367,0015889769,1
368,0015922558,1
369,0015889757,1
370,0015953397,1
371,0015957001,1
372,0015907422,1
373,0015931788,1
374,0015956189,1
375,0015918978,1
376,0015945513,1
377,0015944574,1
378,0015954291,1
379,0015918621,1
380,0015954121,1
381,0015954664,1
382,0015954266,1
383,0015956784,1
384,0015890254,1
385,0015908505,1
386,0015941670,1
387,0015890954,1
388,0015918978,1
389,0015906635,1
390,0015958823,1
391,0015888566,1
392,0015942736,1
393,0015889994,1
394,0015890246,1
395,0015926464,1
396,0015906084,1
397,0015907407,1
398,0015906981,1
399,0015916839,1
400,0015955699,1
401,0015922723,1
402,0015926464,1
403,0015906141,1
404,0015916716,1
405,0015892884,1
406,0015916869,1
407,0015887066,1
408,0015953487,1
409,0015945762,1
410,0015957919,1
411,0015954266,1
412,0015952555,1
413,0015937048,1
414,0015916912,1
415,0015955571,1
416,0015954182,1
417,0015893168,1
418,0015907181,1
419,0015954705,1
420,0015955154,1
421,0015937551,1
422,0015888557,1
423,0015890239,1
424,0015926464,1
425,0015909232,1
426,0015915210,1
427,0015917725,1
428,0015907407,1
429,0015954266,1
430,0015892892,1
431,0015890438,1
432,0015895717,1
433,0015892898,1
434,0015920883,1
435,0015892900,1
436,0015890001,1
437,0015956695,1
438,0015956106,1
439,0015952402,1
440,0015890440,1
441,0015922713,1
442,0015918344,1
443,0015956863,1
444,0015953260,1
445,0015889530,1
446,0015952890,1
447,0015921679,1
448,0015954362,1
449,0015920161,1
450,0015943830,1
451,0015890008,1
452,0015930853,1
453,0015954608,1
454,0015889993,1
455,0015952402,1
456,0015889224,1
457,0015890024,1
458,0015944731,1
459,0015906937,1
460,0015909951,1
461,0015892908,1
462,0015953290,1
463,0015889766,1
464,0015913716,1
465,0015910609,1
466,0015909725,1
467,0015889749,1
468,0015954291,1
469,0015890940,1
470,0015889500,1
471,0015922558,1
472,0015921679,1
473,0015943793,1
474,0015889995,1
475,0015954908,1
476,0015945848,1
477,0015915154,1
478,0015890952,1
479,0015918978,1
480,0015908334,1
481,0015909951,1
482,0015953080,1
483,0015954559,1
484,0015906597,1
485,0015909938,1
486,0015954857,1
487,0015954559,1
488,0015916991,1
489,0015890956,1
490,0015918777,1
491,0015893180,1
492,0015889212,1
493,0015912942,1
494,0015889516,1
495,0015890662,1
496,0015890013,1
497,0015890965,1
498,0015908843,1
499,0015933532,1
500,0015887072,1
501,0015956965,1
502,0015956106,1
503,0015922558,1
504,0015958284,1
505,0015953802,1
506,0015886114,1
507,0015942464,1
508,0015916846,1
509,0015955917,1
510,0015956580,1
511,0015933606,1
512,0015889224,1
513,0015915184,1
514,0015906153,1
515,0015889758,1
516,0015890935,1
517,0015916376,1
518,0015956189,1
519,0015915764,1
520,0015960815,1
521,0015934322,1
522,0015944113,1
523,0015943222,1
524,0015958277,1
525,0015917130,1
526,0015906432,1
527,0015937461,1
528,0015921370,1
529,0015890680,1
530,0015942463,1
531,0015954560,1
532,0015917120,1
533,0015890962,1
534,0015958286,1
535,0015885980,1
536,0015908474,1
537,0015913805,1
538,0015957593,1
539,0015885982,1
540,0015906981,1
541,0015906084,1
542,0015906941,1
543,0015944948,1
544,0015886119,1
545,0015931698,1
546,0015945689,1
547,0015956011,1
548,0015888561,1
549,0015890959,1
550,0015889228,1
551,0015953376,1
552,0015939188,1
553,0015957624,1
554,0015953752,1
555,0015915597,1
556,0015956071,1
557,0015957506,1
558,0015912611,1
559,0015922440,1
560,0015915883,1
561,0015916078,1
562,0015955472,1
563,0015890223,1
564,0015958823,1
565,0015889209,1
566,0015956106,1
567,0015944306,1
568,0015953134,1
569,0015944861,1
570,0015943222,1
571,0015908154,1
572,0015943296,1
573,0015911983,1
574,0015954121,1
575,0015931320,1
576,0015953487,1
577,0015886899,1
578,0015911131,1
579,0015939155,1
580,0015946307,1
581,0015942895,1
582,0015956031,1
583,0015890449,1
584,0015906400,1
585,0015906152,1
586,0015948327,1
587,0015933532,1
588,0015944113,1
589,0015956548,1
590,0015889753,1
591,0015955761,1
592,0015956399,1
593,0015889998,1
594,0015943802,1
595,0015955571,1
596,0015906981,1
597,0015917395,1
598,0015889995,1
599,0015890941,1
600,0015955157,1
601,0015953487,1
602,0015889502,1
603,0015890238,1
604,0015926462,1
605,0015890671,1
606,0015957048,1
607,0015907422,1
608,0015917232,1
609,0015922199,1
610,0015940098,1
611,0015924314,1
612,0015907632,1
613,0015957506,1
614,0015915558,1
615,0015890947,1
616,0015946710,1
617,0015954993,1
618,0015957926,1
619,0015890023,1
620,0015950365,1
621,0015954608,1
622,0015919689,1
623,0015920883,1
624,0015923051,1
625,0015916977,1
626,0015954758,1
627,0015890455,1
628,0015892885,1
629,0015942742,1
630,0015956219,1
631,0015924314,1
632,0015956345,1
633,0015915154,1
634,0015890654,1
635,0015958758,1
636,0015889495,1
637,0015941892,1
638,0015911518,1
639,0015944949,1
640,0015923051,1
641,0015906152,1
642,0015942012,1
643,0015955915,1
644,0015953743,1
645,0015888554,1
646,0015953134,1
647,0015940863,1
648,0015922453,1
649,0015906598,1
650,0015886660,1
651,0015955390,1
652,0015890907,1
653,0015931320,1
654,0015916244,1
655,0015942012,1
656,0015940863,1
657,0015890253,1
658,0015956392,1
659,0015893172,1
660,0015940386,1
661,0015956031,1
662,0015915765,1
663,0015955010,1
664,0015958670,1
665,0015955978,1
666,0015950365,1
667,0015915074,1
668,0015954330,1
669,0015918777,1
670,0015890663,1
671,0015906598,1
672,0015958823,1
673,0015917375,1
674,0015906084,1
675,0015888524,1
676,0015956680,1
677,0015889227,1
678,0015906152,1
679,0015910673,1
680,0015893173,1
681,0015961744,1
682,0015908036,1
683,0015931788,1
684,0015909729,1
685,0015924314,1
686,0015917130,1
687,0015915114,1
688,0015898025,1
689,0015893190,1
690,0015958612,1
691,0015958282,1
692,0015953397,1
693,0015890939,1
694,0015886114,1
695,0015941670,1
696,0015943080,1
697,0015954560,1
698,0015908474,1
699,0015889212,1
700,0015888560,1
701,0015923224,1
702,0015953904,1
703,0015916393,1
704,0015958282,1
705,0015889741,1
706,0015952473,1
707,0015954705,1
708,0015943122,1
709,0015958612,1
710,0015953744,1
711,0015889731,1
712,0015957638,1
713,0015943793,1
714,0015890445,1
715,0015906084,1
716,0015909428,1
717,0015957852,1
718,0015916716,1
719,0015890240,1
720,0015953839,1
721,0015906152,1
722,0015886113,1
723,0015921919,1
724,0015953701,1
725,0015908154,1
726,0015906598,1
727,0015911131,1
728,0015952402,1
729,0015908450,1
730,0015954667,1
731,0015958763,1
732,0015955569,1
733,0015933532,1
734,0015916991,1
735,0015931320,1
736,0015892902,1
737,0015890651,1
738,0015913716,1
739,0015889212,1
740,0015958823,1
741,0015890227,1
742,0015889773,1
743,0015953266,1
744,0015916869,1
745,0015917311,1
746,0015954559,1
747,0015889772,1
748,0015956221,1
749,0015890960,1
750,0015957506,1
751,0015940731,1
752,0015890970,1
753,0015956134,1
754,0015953260,1
755,0015955666,1
756,0015931698,1
757,0015931799,1
758,0015930853,1
759,0015953454,1
760,0015890436,1
761,0015889237,1
762,0015921370,1
763,0015953261,1
764,0015908334,1
765,0015931320,1
766,0015912776,1
767,0015935088,1
768,0015889495,1
769,0015943686,1
770,0015953266,1
771,0015890449,1
772,0015955761,1
773,0015923213,1
774,0015921679,1
775,0015889506,1
776,0015957624,1
777,0015922440,1
778,0015890233,1
779,0015954561,1
780,0015890927,1
781,0015907285,1
782,0015906519,1
783,0015931799,1
784,0015926464,1
785,0015890252,1
786,0015957629,1
787,0015954721,1
788,0015958284,1
789,0015941710,1
790,0015953320,1
791,0015955157,1
792,0015919680,1
793,0015918978,1
794,0015933532,1
795,0015907285,1
796,0015934808,1
797,0015890663,1
798,0015942741,1
799,0015954561,1
800,0015890957,1
801,0015943121,1
802,0015925088,1
803,0015917375,1
804,0015888569,1
805,0015889748,1
806,0015893173,1
807,0015917683,1
808,0015906981,1
809,0015914697,1
810,0015890021,1
811,0015958761,1
812,0015918621,1
813,0015916078,1
814,0015947557,1
815,0015939188,1
816,0015955154,1
817,0015888549,1
818,0015954559,1
819,0015958778,1
820,0015957593,1
821,0015889235,1
822,0015941898,1
823,0015954559,1
824,0015956978,1
825,0015944964,1
826,0015956546,1
827,0015955104,1
828,0015890908,1
829,0015890679,1
830,0015952402,1
831,0003701015,1
832,0015986039,1
833,0015916869,1
834,0015938473,1
835,0015923744,1
836,0015944113,1
837,0015915765,1
838,0015954168,1
839,0015917101,1
840,0015917375,1
841,0015923224,1
842,0015985900,1
843,0015985901,1
844,0015985905,1
845,0015985904,
846,0015985889,1
847,0015921609,1
848,0015921679,1
849,0015918763,1
850,0015958758,1
851,0015923224,1
852,0015713441,1
853,0015911983,1
854,0015934807,1
855,0015888562,1
856,0015918621,1
857,0015952402,1
858,0015913474,1
859,0015955104,1
860,0015956640,1
861,0015907407,1
862,0015943858,1
863,0015954449,1
864,0015893173,1
865,0015955865,1
866,0015954362,1
867,0015910008,1
868,0015915601,1
869,0015954440,1
870,0015918171,1
871,0015918608,1
872,0015956134,1
873,0015889495,1
874,0015958717,1
875,0015956784,1
876,0015944681,1
877,0015888523,1
878,0015959270,1
879,0015888520,1
880,0015893182,1
881,0015888569,1
882,0015888577,1
883,0015888550,1
884,0015943133,1
885,0015960726,1
886,0015941423,1
887,0015953839,1
888,0015893202,1
889,0015922715,1
890,0015886114,1
891,0015918515,1
892,0015985812,1
893,0015921609,1
894,0015956813,1
895,0015943018,1
896,0015908036,1
897,0015926464,1
898,0015953254,1
899,0015943222,1
900,0015890443,1
901,0015912130,1
902,0015954779,1
903,0015906349,1
904,0015954449,1
905,0015956536,1
906,0015886846,1
907,0015888523,1
908,0015889741,1
909,0015958107,1
910,0003700463,1
911,0015827032,1
912,0015886129,1
913,0015954467,1
914,0015960234,1
915,0015953609,1
916,0015942934,1
917,0015954779,1
918,0015985903,
919,0015985902,1
920,0015714756,
921,0015329637,1
922,0015079110,1
923,0015923224,1
924,0015909238,1
925,0015941423,1
926,0015890017,1
927,0015996354,1
928,0015789096,1
929,0015999707,1
930,0016003836,1
931,0016002908,1
932,0015809682,1
933,0015958716,1
934,0015937461,1
935,0015908411,1
936,0015955477,1
937,0015942532,1
938,0015909943,1
939,0015953937,1
940,0015956617,1
941,0015954115,1
942,0015890221,1
943,0015958107,1
944,0015959267,1
945,0015890928,1
946,0015931788,1
947,0015958778,1
948,0015889750,1
949,0015958276,1
950,0015889517,1
951,0015915317,1
952,0015940271,1
953,0015954278,1
954,0015956180,1
955,0015956219,1
956,0015954908,1
957,0015958610,1
958,0015958714,1
959,0015953374,1
960,0015957625,1
961,0015952555,1
962,0015909954,1
963,0015918431,1
964,0015955104,1
965,0015954943,1
966,0015889520,1
967,0015040281,1
968,0003700831,1
969,0003700253,1
970,0015937498,1
971,0015934807,1
972,0015940404,1
973,0015958758,1
974,0015907469,1
975,0015922540,1
976,0015909867,1
977,0015909729,1
978,0015934807,1
979,0015957045,1
980,0015921370,1
981,0015916716,1
982,0015948327,1
983,0015886642,1
984,0015906518,1
985,0015952399,1
986,0015953542,1
987,0015955761,1
988,0015958276,1
989,0015931799,1
990,0015935124,1
991,0015954733,1
992,0015916573,1
993,0015953320,1
994,0003700867,1
995,0015210839,1
996,0015572979,1
997,0015885981,1
998,0015952402,1
999,0015956941,1
1000,0015916078,1
1001,0015890249,1
1002,0015939523,1
1003,0015938859,1
1004,0015935086,1
1005,0015924472,1
1006,0015939416,1
1007,0015952564,1
1008,0015923224,1
1009,0015953080,1
1010,0015917397,1
1011,0015888554,1
1012,0015954929,1
1013,0015985908,1
1014,0015985913,1
1015,0015954663,1
1016,0015957001,1
1017,0015939859,1
1018,0015916976,1
1019,0015955865,1
1020,0015954364,1
1021,0015945890,1
1022,0015913522,1
1023,0015926464,1
1024,0015959919,1
1025,0015942617,1
1026,0015908892,1
1027,0015890253,1
1028,0015890659,1
1029,0003700872,1
1030,0015893181,1
1031,0015889526,1
1032,0015916022,1
1033,0015889500,1
1034,0015917682,1
1035,0015985903,1
1036,0015956563,1
1037,0015923224,1
1038,0015954507,1
1039,0015951057,1
1040,0015954449,1
1041,0015700926,1
1042,0015079131,1
1043,0015079123,1
1044,0015945689,1
1045,0015916108,1
1046,0015886127,1
1047,0015956073,1
1048,0015890239,1
1049,0015930882,1
1050,0015728975,1
1051,0015923224,1
1052,0015921609,1
1053,0015890438,1
1054,0015907474,1
1055,0015889206,1
1056,0015953917,1
1057,0015957627,1
1058,0015886898,1
1059,0015918776,1
1060,0015958611,1
1061,0015955915,1
1062,0015959329,1
1063,0015954364,1
1064,0015954667,1
1065,0015893167,1
1066,0015890970,1
1067,0003701225,1
1068,0003700052,1
1069,0015893203,1
1070,0015917454,1
1071,0015985904,1
1072,0015985901,
1073,0015953080,1
1074,0015556830,1
1075,0015728829,1
1076,0015888553,1
1077,0015890017,1
1078,0015916618,1
1079,0015917016,1
1080,0015909234,1
1081,0015945848,1
1082,0015944948,1
1083,0015986067,1
1084,0015916573,1
1085,0015889754,1
1086,0015794598,1
1087,0015997976,1
1088,0015997940,1
1089,0015999468,1
1090,0016000501,1
1091,0016000502,1
1092,0016000111,1
1093,0015998283,1
1094,0015998108,1
1095,0015999309,1
1096,0015955103,1
1097,0015923051,1
1098,0015918621,1
1099,0003701417,1
1100,0003700506,1
1101,0003700876,1
1102,0015997992,1
1103,0015953774,1
1104,0015885978,1
1105,0015940410,1
1106,0015942934,1
1107,0015079127,1
1108,0015888554,1
1109,0015889502,1
1110,0015922715,1
1111,0015954779,1
1112,0015956613,1
1113,0015917101,1
1114,0015329642,1
1115,0015885980,1
1116,0015788961,1
1117,0015998235,1
1118,0015999633,1
1119,0015998115,1
1120,0015788520,1
1121,0015999272,1
1122,0015999661,1
1123,0015795392,1
1124,0015999741,1
1125,0016003808,1
1126,0016002014,1
1127,0015788930,1
1128,0016003242,1
1129,0015788548,1
1130,0015809705,1
1131,0015810324,1
1132,0015810434,1
1133,0015821123,1
1134,0015787009,1
1135,0015823403,1
1136,0015782092,1
1137,0015089600,1
1138,0015155515,1
1139,0015785478,1
1140,0015383130,1
1141,0003700695,1
1142,0003700126,1
1143,0003700440,1
1144,0015985877,1
1145,0003701138,1
1146,0015917735,1
1147,0016000319,
1148,0015823404,
1149,0015985888,1
1150,0015985855,1
1151,0003700873,
1152,0015997823,1
1153,0015148829,
1154,0015677368,1
1155,0015732951,1
1156,0015999348,1
1157,0015821123,
1158,0003700432,1
1159,0015996353,1
1160,0015732226,1
1161,0015970527,1
1162,0015714756,1
1163,0015311836,1
1164,0015985897,1
1165,0015206438,1
1166,0003700696,1
1167,0015630560,1
1168,0015100300,
1169,0015100303,
1170,0015192131,1
1171,0015998283,
1172,0015734020,1
1173,0015918124,1
1174,0015956477,1
1175,0015952262,1
1176,0015958612,1
1177,0015918384,1
1178,0015985906,1
1179,0003700524,1
1180,0015996166,1
1181,0015997822,1
1182,0015148827,1
1183,0015732601,1
1184,0015986066,1
1185,0015785690,1
1186,0015785543,1
1187,0003700443,1
1188,0015997824,1
1189,0015985943,1
1190,0015985923,1
1191,0015985891,1
1192,0015985907,1
1193,0015985924,1
1194,0015985890,1
1195,0003701223,1
1196,0003700872,
1197,0003700867,
1198,0003700876,
1199,0015040281,
1200,0003700505,1
1201,0003700104,1
1202,0015045841,1
1203,0015677267,1
1204,0015389532,1
1205,0015347732,1
1206,0003700408,1
1207,0003700873,1
1208,0015527230,1
1209,0015719347,1
1210,0015999206,1
1211,0015956398,1
1212,0003700045,1
1213,0015795770,1
1214,0003700110,
1215,0003700605,1
1216,0015788604,1
1217,0015985894,1
1218,0015985893,1
1219,0003701051,
1220,0015996036,1
1221,0015922715,
1222,0015915558,
1223,0015922715,
1224,0015922715,
1225,0015922715,
1226,0015985914,1
1227,0015998108,
1228,0015998107,1
1229,0015998115,
1230,0015383130,
1231,0015347731,1
1232,0015726241,1
1233,0015985810,1
1234,0015985805,1
1235,0015985807,1
1236,0015985809,1
1237,0015985808,1
1238,0015985803,1
1239,0015730300,
1240,0015080099,1
1241,0015084507,1
1242,0015783517,1
1243,0015783630,1
1244,0003700674,1
1245,0015827631,
1246,0015952499,1
1247,0015997728,1
1248,0015148828,
1249,0015996193,1
1250,0003700029,1
1251,0015985921,1
1252,0015985892,1
1253,0015985936,1
1254,0003701041,1
1255,0003700315,
1256,0003700504,
1257,0015344030,
1258,0003701050,1
1259,0003701415,1
1260,0015267330,1
1261,0003701236,1
1262,0003701225,
1263,0015347732,
1264,0015353731,1
1265,0015350930,1
1266,0015827612,1
1267,0015985806,1
1268,0015954771,
1269,0015890229,
1270,0015890229,
1271,0015909943,
1272,0015387935,1
1273,0015705905,1
1274,0015173420,1
1275,0015996629,1
1276,0015082901,1
1277,0015277157,1
1278,0015722877,1
1279,0003700710,1
1280,0003700130,1
1281,0015941423,1
1282,0015917393,
1283,0015084503,
1284,0015679831,1
1285,0015999758,1
1286,0015910674,
1287,0015954363,1
1288,0015952771,1
1289,0015917724,1
1290,0003700448,1
1291,0003700807,1
1292,0003700046,1
1293,0015985916,1
1294,0003700693,1
1295,0015999251,1
1296,0015823510,1
1297,0003700034,1
1298,0015986032,1
1299,0015985896,1
1300,0015050575,1
1301,0015629144,1
1302,0003701411,1
1303,0003701220,1
1304,0003701043,1
1305,0003701044,1
1306,0003701230,1
1307,0015995704,1
1308,0003700103,1
1309,0015795605,1
1310,0015184939,
1311,0015915601,
1312,0015923224,
1313,0015995713,1
1314,0015996033,1
1315,0015713246,1
1316,0015564235,1
1317,0015677267,
1318,0015997588,1
1319,0015786154,1
1320,0015906519,1
1321,0015927263,1
1322,0015917454,1
1323,0003700811,1
1324,0015823403,
1325,0003700451,1
1326,0003700812,1
1327,0003700819,
1328,0003700453,1
1329,0016000502,
1330,0016000501,
1331,0015985954,1
1332,0015985899,1
1333,0015985879,1
1334,0015629931,1
1335,0003700320,1
1336,0015995779,1
1337,0015995966,1
1338,0015995967,1
1339,0003700884,1
1340,0015523930,1
1341,0015525033,1
1342,0015089812,1
1343,0015918759,1
1344,0015959304,1
1345,0015952499,1
1346,0015948327,1
1347,0015915133,1
1348,0015899164,1
1349,0015917727,1
1350,0015916327,1
1351,0003700235,1
1352,0015995985,1
1353,0016002014,
1354,0003700884,
1355,0015985916,
1356,0015997766,1
1357,0015148817,1
1358,0015148607,1
1359,0015155520,1
1360,0015999312,1
1361,0003700592,1
1362,0016000924,
1363,0003700968,1
1364,0003700968,
1365,0003700003,1
1366,0015781408,1
1367,0015788401,1
1368,0015789067,
1369,0015809692,
1370,0003700800,1
1371,0015810302,1
1372,0003700671,
1373,0015809707,1
1374,0015722760,1
1375,0015889747,1
1376,0015889756,1
1377,0015997695,1
1378,0003700674,
1379,0015723237,1
1380,0015561683,
1381,0015985842,1
1382,0015986062,1
1383,0015986064,1
1384,0015986054,1
1385,0015998207,1
1386,0015783611,1
1387,0015783611,
1388,0003700634,1
1389,0015787538,
1390,0015945848,
1391,0015627324,1
1392,0003701245,1
1393,0015626783,1
1394,0015570122,1
1395,0015781404,1
1396,0015810314,1
1397,0015613059,1
1398,0015997612,1
1399,0015785036,1
1400,0015794494,1
1401,0015789045,1
1402,0015728799,1
1403,0015323131,1
1404,0015782533,1
1405,0015783517,
1406,0015785134,1
1407,0015986033,1
1408,0015310831,1
1409,0015955157,
1410,0015943114,
1411,0015893203,
1412,0015889505,
1413,0015908843,
1414,0015890223,
1415,0015889205,
1416,0003700110,1
1417,0015958670,
1418,0015995984,1
1419,0015995862,1
1420,0015997588,
1421,0015709192,1
1422,0015927263,
1423,0016000501,
1424,0015886114,
1425,0015948327,
1426,0015788904,
1427,0015907180,
1428,0015917375,
1429,0015788640,
1430,0003701430,1
1431,0015564854,1
1432,0015564859,1
1433,0015711826,1
1434,0015943623,
1435,0015909946,
1436,0015889998,
1437,0015890013,
1438,0015985992,1
1439,0015785880,1
1440,0015785036,
1441,0015809680,1
1442,0015890940,1
1443,0015935747,1
1444,0015938178,1
1445,0015997612,
1446,0015749808,1
1447,0015909943,1
1448,0015514230,1
1449,0015999236,
1450,0003700797,1
1451,0015103899,1
1452,0015563036,1
1453,0015563142,1
1454,0015563145,1
1455,0015563150,1
1456,0015563151,1
1457,0015141705,1
1458,0015999688,1
1459,0015986041,1
1460,0015999332,1
1461,0015171154,
1462,0015921609,
1463,0015921609,
1464,0015921609,
1465,0015921609,
1466,0015953254,
1467,0015996298,1
1468,0015996380,1
1469,0015956221,
1470,0015890019,1
1471,0015794705,1
1472,0015788933,1
1473,0005001969,
1474,0015713278,1
1475,0015996630,1
1476,0015996631,1
1477,0015893173,1
1478,0015732832,
1479,0015294631,1
1480,0003700937,
1481,0015906349,
1482,0003700294,
1483,0015719925,1
1484,0015795410,
1485,0015795410,1
1486,0015795436,1
1487,0016000162,
1488,0015713302,
1489,0015789045,
1490,0015781408,
1491,0015916573,1
1492,0015938433,1
1493,0015628545,1
1494,0015930537,1
1495,0015961605,
1496,0015927263,1
1497,0015787538,
1498,0015945848,1
1499,0015958611,1
1500,0015952555,1
1501,0015890915,1
1502,0015915765,1
1503,0003700880,
1504,0003701068,1
1505,0015958106,
1506,0015957623,
1507,0016002908,
1508,0015809698,1
1509,0015943788,1
1510,0015909949,1
1511,0015909943,1
1512,0015732832,
1513,0015100300,1
1514,0015809721,1
1515,0015630451,1
1516,0015712453,1
1517,0015712551,1
1518,0015714843,1
1519,0015730037,1
1520,0015734377,1
1521,0015089602,1
1522,0015728834,
1523,0015999609,1
1524,0015783435,1
1525,0015784856,1
1526,0015794724,1
1527,0015817286,1
1528,0015818145,1
1529,0015817341,1
1530,0015953253,
1531,0003700251,1
1532,0015818429,
1533,0015906152,
1534,0015890935,
1535,0015985549,1
1536,0015889753,
1537,0016003119,1
1538,0015893185,
1539,0015788382,1
1540,0015995888,1
1541,0015890444,
1542,0015627325,1
1543,0015889205,
1544,0015998030,1
1545,0015945542,1
1546,0016000924,
1547,0015953613,1
1548,0003700100,
1549,0003701223,
1550,0015940503,
1551,0015999889,1
1552,0015317539,1
1553,0015344932,1
1554,0015890920,
1555,0015915596,1
1556,0015628545,
1557,0015948327,1
1558,0015925850,
1559,0015894329,1
1560,0015942524,1
1561,0015890226,1
1562,0015941670,1
1563,0015889215,1
1564,0015958285,1
1565,0015909942,1
1566,0015953177,
1567,0015890670,1
1568,0003701426,1
1569,0003701425,1
1570,0015908154,1
1571,0015956617,
1572,0015809737,
1573,0015917735,
1574,0015889530,1
1575,0015719876,1
1576,0015917683,
1577,0003701319,
1578,0015889993,
1579,0003700806,
1580,0015886896,1
1581,0003700812,
1582,0015910674,
1583,0015946307,
1584,0015788520,
1585,0015788578,
1586,0015789108,1
1587,0015795392,
1588,0015810737,1
1589,0015970656,1
1590,0015940533,1
1591,0016003808,
1592,0015379245,1
1593,0015787881,1
1594,0015159808,
1595,0003700806,1
1596,0015995787,1
1597,0015624188,1
1598,0015960818,
1599,0015995861,1
1600,0015719904,1
1601,0015564306,1
1602,0015564313,1
1603,0015564353,1
1604,0015628544,1
1605,0015628557,1
1606,0015329031,
1607,0015890011,
1608,0016000501,
1609,0015788013,
1610,0003700945,1
1611,0015996379,1
1612,0016003697,
1613,0015948327,1
1614,0015943033,1
1615,0015954440,1
1616,0003700194,1
1617,0015999636,1
1618,0015788578,1
1619,0016004066,1
1620,0015886114,1
1621,0015889222,1
1622,0015909943,1
1623,0015185132,
1624,0015999272,
1625,0015996034,1
1626,0015999220,1
1627,0016003018,1
1628,0015890009,
1629,0015713098,1
1630,0003700441,1
1631,0015705239,1
1632,0015100304,1
1633,0015561693,
1634,0015561745,
1635,0015563158,
1636,0015566664,1
1637,0015336732,1
1638,0015674468,1
1639,0015733132,
1640,0015329030,1
1641,0003701364,1
1642,0003700833,1
1643,0015917454,1
1644,0015920883,1
1645,0015915133,1
1646,0015889205,
1647,0015893189,1
1648,0015916882,1
1649,0015945848,1
1650,0015945848,1
1651,0015944681,1
1652,0015985886,1
1653,0015995725,1
1654,0015663567,1
1655,0015906084,1
1656,0015996354,
1657,0015787477,
1658,0015935124,
1659,0015915306,1
1660,0015998250,1
1661,0015565417,1
1662,0015985909,1
1663,0015823404,
1664,0015094698,1
1665,0015889760,
1666,0015996249,1
1667,0015996247,1
1668,0003700945,
1669,0015935088,
1670,0015906724,
1671,0015916042,
1672,0015892913,1
1673,0015890014,1
1674,0015890018,1
1675,0015941620,1
1676,0015907630,
1677,0015630488,
1678,0015184945,
1679,0015908368,
1680,0015889207,
1681,0015910674,
1682,0015890244,
1683,0015889500,1
1684,0015733950,15
1685,0015733949,15
1686,0015785527,15
1687,0015785538,15
1688,0015785634,15
1689,0015785650,15
1690,0016003018,
1691,0015940035,1
1692,0015985898,1
1693,0015084502,1
1694,0015996352,1
1695,0015206438,
1696,0015440233,1
1697,0015890435,
1698,0015329031,1
1699,0015961744,
1700,0015999747,1
1701,0003701349,
1702,0015731335,1
1703,0003700590,1
1704,0015741756,1
1705,0015943114,
1706,0015944737,
1707,0015956478,
1708,0015907180,
1709,0015784874,1
1710,0015827018,1
1711,0015985933,1
1712,0015985935,1
1713,0016002523,1
1714,0015952473,
1715,0015823404,
1716,0003701083,1
1717,0015890021,1
1718,0015915558,
1719,0015996168,1
1720,0015995711,1
1721,0003701159,
1722,0015889760,
1723,0015996628,1
1724,0015999726,1
1725,0015996167,1
1726,0015996551,1
1727,0015892885,1
1728,0015954639,
1729,0015888549,1
1730,0015713242,1
1731,0003701427,1
1732,0015564865,1
1733,0015564869,1
1734,0015728807,1
1735,0015998283,
1736,0015985918,1
1737,0,
1738,0015501336,1
1739,0003700698,1
1740,0015923780,1
1741,0015915210,
1742,0015916042,
1743,0015906519,
1744,0015922273,1
1745,0015323531,
1746,0015889495,
1747,0015958670,1
1748,0015958276,1
1749,0015644974,15
1750,0015733938,15
1751,0015728915,15
1752,0015785900,15
1753,0015786421,15
1754,0015785910,15
1755,0015996244,1
1756,0016002821,15
1757,0016002819,15
1758,0016002812,15
1759,0016002814,15
1760,0016002799,15
1761,0015563140,1
1762,0015563840,
1763,0016004012,15
1764,0016003670,15
1765,0016003669,15
1766,0015996299,1
1767,0015890223,
1768,0015943830,1
1769,0003701066,1
1770,0015915542,1
1771,0015890231,1
1772,0015344030,
1773,0015889206,1
1774,0015890946,1
1775,0015996027,1
1776,0003701443,1
1777,0015772317,1
1778,0015985917,1
1779,0015998683,1
1780,0015913580,
1781,0015913580,
1782,0015703510,
1783,0015961744,1
1784,0015931320,
1785,0015733945,15
1786,0015785922,15
1787,0016002815,15
1788,0016002804,15
1789,0016002801,15
1790,0016002802,15
1791,0016002803,15
1792,0016002814,
1793,0016002806,15
1794,0016002809,15
1795,0016002807,15
1796,0016002799,
1797,0016002817,15
1798,0016002822,15
1799,0016002557,15
1800,0015889228,1
1801,0015826279,15
1802,0015786804,15
1803,0003700773,1
1804,0015999332,
1805,0016003836,
1806,0003700967,
1807,0003701319,
1808,0015788416,1
1809,0015788548,
1810,0015788884,1
1811,0015789019,1
1812,0015809692,1
1813,0015809711,1
1814,0015810561,
1815,0015810561,1
1816,0003700415,1
1817,0015996108,1
1818,0015148828,1
1819,0015889222,1
1820,0015909943,1
1821,0015996031,1
1822,0015998149,1
1823,0015998129,1
1824,0015378288,1
1825,0015998071,1
1826,0003701416,1
1827,0015277171,
1828,0015277157,
1829,0003700309,1
1830,0003701044,
1831,0015787948,1
1832,0015999296,1
1833,0015789056,
1834,0003700457,1
1835,0015566785,
1836,0003700315,1
1837,0015632089,1
1838,0015896488,
1839,0015968949,
1840,0015818144,1
1841,0015818237,1
1842,0015818535,1
1843,0015997819,1
1844,0003700040,1
1845,0015777602,
1846,0015564279,1
1847,0015569540,1
1848,0015569712,1
1849,0015569848,1
1850,0015569908,1
1851,0015572605,1
1852,0015572631,1
1853,0015572637,1
1854,0015624103,1
1855,0015624107,1
1856,0015643966,1
1857,0015708885,1
1858,0015795270,1
1859,0015795346,1
1860,0015795398,1
1861,0015795423,1
1862,0015985802,1
1863,0016002523,
1864,0015889507,
1865,0015907180,
1866,0015787709,
1867,0016000163,1
1868,0015788013,1
1869,0015810434,
1870,0015570117,1
1871,0015570130,1
1872,0015570140,
1873,0015570140,1
1874,0015728746,1
1875,0015786562,1
1876,0015786567,1
1877,0015786568,1
1878,0015986060,1
1879,0015940562,1
1880,0015958277,1
1881,0015911131,1
1882,0015823403,
1883,0015889993,
1884,0015892913,1
1885,0015940177,1
1886,0000000000,
1887,0015915603,
1888,0015885981,
1889,0015945890,1
1890,0015787341,
1891,0016000501,
1892,0015999024,1
1893,0015344030,1
1894,0015985915,1
1895,0003701086,1
1896,0015996027,
1897,0003700701,1
1898,0003701081,
1899,0015998111,1
1900,0015564035,1
1901,0015998276,1
1902,0015985914,
1903,0015985915,
1904,0003701250,1
1905,0015789067,1
1906,0015789056,1
1907,0015916078,1
1908,0015943080,1
1909,0015893168,1
1910,0015937932,1
1911,0015918621,1
1912,0015892892,1
1913,0015909943,1
1914,0015910673,1
1915,0015996481,1
1916,0015378298,1
1917,0015393455,1
1918,0015716239,1
1919,0005001969,1
1920,0015560642,1
1921,0015560650,1
1922,0015560664,1
1923,0015624107,
1924,0015639177,1
1925,0015954929,1
1926,0015173422,1
1927,0015621272,1
1928,0015728834,
1929,0015711685,1
1930,0015782515,1
1931,0015795738,1
1932,0015986034,1
1933,0015986037,1
1934,0015818246,1
1935,0015732523,1
1936,0015956073,
1937,0003700049,1
1938,0003701004,1
1939,0003701168,1
1940,0003700830,1
1941,0015387931,1
1942,0015387835,1
1943,0015985925,1
1944,0015985555,1
1945,0015985772,1
1946,0015985852,1
1947,0015570130,
1948,0015890965,
1949,0015909867,1
1950,0015943623,
1951,0015907285,1
1952,0015953177,1
1953,0015954191,1
1954,0015958763,1
1955,0003700120,1
1956,0003701060,
1957,0015958107,
1958,0015890445,
1959,0015787365,
1960,0015906349,
1961,0003700136,1
1962,0003700532,1
1963,0003701081,1
1964,0003701082,1
1965,0003701254,1
1966,0003701258,
1967,0015998883,1
1968,0015996718,1
1969,0003700711,1
1970,0003700533,1
1971,0015995766,1
1972,0015985910,1
1973,0015372830,
1974,0015627324,
1975,0015632876,
1976,0015985907,
1977,0015787795,1
1978,0015789103,1
1979,0015999756,1
1980,0015995726,1
1981,0015892885,
1982,0015946307,
1983,0015703510,1
1984,0015889514,1
1985,0003701258,1
1986,0003700135,1
1987,0015996717,1
1988,0015787065,
1989,0015787324,
1990,0015659266,1
1991,0015996167,
1992,0003700696,
1993,0015823720,1
1994,0015996247,
1995,0015811035,1
1996,0003701070,1
1997,0003700325,1
1998,0003701073,1
1999,0003700129,1
2000,0015995672,1
2001,0003700527,1
2002,0003701078,1
2003,0015996248,1
2004,0003700891,1
2005,0015985895,1
2006,0003701072,1
2007,0015907285,1
2008,0015827026,
2009,0015997593,1
2010,0015958758,1
2011,0015614131,
2012,0003700676,1
2013,0015888557,
2014,0015917396,
2015,0015956680,
2016,0015910813,
2017,0015952499,
2018,0015809757,
2019,0003700002,1
2020,0015789108,
2021,0015890257,1
2022,0015888563,1
2023,0015909950,1
2024,0015999447,1
2025,0015943114,1
2026,0003701051,1
2027,0003700504,1
2028,0015613055,1
2029,0015996365,1
2030,0015277171,1
2031,0015973179,1
2032,0015810035,1
2033,0015787538,
2034,0015713338,1
2035,0015809752,
2036,0015704723,1
2037,0015730034,1
2038,0015986056,1
2039,0015573251,1
2040,0015730028,1
2041,0015728759,1
2042,0015788153,1
2043,0015169373,1
2044,0015986057,1
2045,0015550331,1
2046,0015245130,
2047,0015783630,
2048,0015785392,1
2049,0015795330,1
2050,0015999870,1
2051,0003701152,1
2052,0003701003,1
2053,0015310931,1
2054,0015624190,1
2055,0015388330,1
2056,0015787538,
2057,0015893201,
2058,0015957624,
2059,0015728775,1
2060,0015957622,
2061,0015954266,1
2062,0015788907,
2063,0003701060,1
2064,0015958107,
2065,0015999361,
2066,0015999089,1
2067,0015996367,1
2068,0015954191,
2069,0015889733,
2070,0015933606,
2071,0015923224,1
2072,0015954191,
2073,0003701052,1
2074,0015955699,
2075,0003700332,1
2076,0015913615,1
2077,0015565417,
2078,0015948327,
2079,0015998249,1
2080,0015906349,
2081,0015998816,1
2082,0015372830,1
2083,0003700520,1
2084,0015985936,
2085,0015823720,
2086,0003700128,1
2087,0015995765,1
2088,0003700126,
2089,0015985922,1
2090,0015985944,1
2091,0015917375,
2092,0015889520,
2093,0015945848,1
2094,0015954364,1
2095,0015957624,1
2096,0015823404,
2097,0015889530,1
2098,0015888569,1
2099,0015996246,1
2100,0015725435,1
2101,0015958280,
2102,0003700345,1
2103,0015563835,1
2104,0015563839,1
2105,0015563840,1
2106,0015707227,1
2107,0015728756,1
2108,0015985563,1
2109,0015999226,1
2110,0015894329,
2111,0015999646,1
2112,0015795850,1
2113,0003700890,1
2114,0015628544,
2115,0015155516,1
2116,0015958280,
2117,0015909944,1
2118,0015958277,1
2119,0015890929,1
2120,0015931642,1
2121,0015960818,
2122,0003700516,1
2123,0015909947,1
2124,0015958823,1
2125,0015935747,1
2126,0015733944,15
2127,0015733933,15
2128,0003701319,1
2129,0015890239,
2130,0015890239,
2131,0015788262,1
2132,0015999697,1
2133,0015788323,
2134,0015794494,
2135,0015794534,1
2136,0015788330,1
2137,0015999839,1
2138,0015996192,1
2139,0015890939,1
2140,0015922723,1
2141,0015367031,1
2142,0015722877,
2143,0015999236,1
2144,0015997765,1
2145,0015794671,
2146,0015788643,1
2147,0015563841,1
2148,0015563846,1
2149,0015563850,1
2150,0015563854,1
2151,0003701047,1
2152,0016000319,1
2153,0003700819,1
2154,0015889505,
2155,0015715880,
2156,0015935071,
2157,0015827026,1
2158,0015999640,1
2159,0015626099,1
2160,0015892885,
2161,0015921609,
2162,0015728754,1
2163,0015957045,
2164,0003701361,1
2165,0003700054,1
2166,0003701165,1
2167,0015632876,1
2168,0015889205,
2169,0015985945,1
2170,0015985947,1
2171,0015985948,1
2172,0015986004,1
2173,0015986007,1
2174,0015986008,1
2175,0015960887,1
2176,0003700865,
2177,0016000502,
2178,0015996618,1
2179,0015945890,1
2180,0015943618,1
2181,0015890906,
2182,0003701441,1
2183,0003700333,1
2184,0015997940,
2185,0015384530,1
2186,0015998229,1
2187,0015996249,
2188,0015995766,
2189,0015894329,
2190,0015998789,1
2191,0003701433,1
2192,0015985924,
2193,0015999740,1
2194,0015795791,1
2195,0015789103,
2196,0015995788,1
2197,0015788612,
2198,0015809903,
2199,0015809903,1
2200,0015713278,
2201,0016004066,
2202,0015810434,
2203,0015986059,1
2204,0015999238,1
2205,0015996480,1
2206,0015634854,1
2207,0015941396,1
2208,0015931319,1
2209,0015890445,1
2210,0015998139,1
2211,0003700864,1
2212,0003701224,1
2213,0015088498,1
2214,0003700101,1
2215,0015387234,1
2216,0015732832,1
2217,0015148817,
2218,0015921272,
2219,0015827631,1
2220,0015546330,1
2221,0003700294,1
2222,0015661370,1
2223,0015954625,
2224,0015788464,
2225,0015323531,1
2226,0015714691,1
2227,0015315330,1
2228,0015909946,
2229,0015788643,
2230,0005002013,1
2231,0003700498,1
2232,0015809682,
2233,0015155513,1
2234,0003700217,1
2235,0015944681,1
2236,0015890223,1
2237,0015795026,1
2238,0015232134,
2239,0015100303,1
2240,0015788961,
2241,0015781449,1
2242,0015781884,1
2243,0015781449,
2244,0015999665,1
2245,0015785046,1
2246,0015999661,
2247,0015783015,1
2248,0015999717,1
2249,0015985953,1
2250,0015999878,1
2251,0015817357,1
2252,0015783611,
2253,0015722602,1
2254,0015728808,1
2255,0015730038,1
2256,0015738603,1
2257,0015387934,1
2258,0016000162,1
2259,0015996226,1
2260,0003700051,1
2261,0015827030,
2262,0015917396,
2263,0015722824,1
2264,0015889505,
2265,0015788336,1
2266,0015794671,1
2267,0015809705,
2268,0003700992,1
2269,0015810737,
2270,0015788927,1
2271,0003700880,1
2272,0015999297,1
2273,0015937043,1
2274,0015956640,1
2275,0015909232,1
2276,0015916135,1
2277,0015999529,1
2278,0015889761,1
2279,0003700507,1
2280,0015733132,1
2281,0016003242,
2282,0003700865,1
2283,0015227330,1
2284,0003700673,1
2285,0015999361,1
2286,0015789045,
2287,0015890671,
2288,0015888577,
2289,0015985773,1
2290,0015809704,
2291,0003701167,1
2292,0015996364,1
2293,0003700631,1
2294,0003700255,1
2295,0015889772,
2296,0003700967,1
2297,0015787538,
2298,0015564257,1
2299,0015985919,1
2300,0015624688,1
2301,0015781039,1
2302,0015810314,
2303,0015725728,1
2304,0015388034,1
2305,0003701041,
2306,0015084503,1
2307,0015788613,1
2308,0015809693,1
2309,0015809726,1
2310,0015808420,
2311,0003701349,1
2312,0015782330,1
2313,0015999594,1
2314,0015781408,
2315,0015783599,1
2316,0015998796,1
2317,0015785003,1
2318,0015889523,
2319,0015999221,1
2320,0015999750,1
2321,0015795065,1
2322,0015999748,1
2323,0015999888,1
2324,0015986038,1
2325,0015986035,1
2326,0015986036,1
2327,0015827026,
2328,0015946307,
2329,0015946307,
2330,0015909946,
2331,0015890965,
2332,0015997879,1
2333,0015998140,1
2334,0015818084,1
2335,0015404533,1
2336,0015718332,1
2337,0016000924,1
2338,0016000163,
2339,0015788323,1
2340,0015735308,1
2341,0015926013,1
2342,0015728305,1
2343,0015184940,
2344,0015931698,1
2345,0015946890,1
2346,0015823404,1
2347,0016000111,
2348,0003700784,1
2349,0015786546,1
2350,0015985499,1
2351,0015985912,1
2352,0015985955,1
2353,0016003696,
2354,0015325430,1
2355,0015713302,1
2356,0015915601,
2357,0015437730,1
2358,0015728761,1
2359,0015728760,1
2360,0015728764,1
2361,0015986055,1
2362,0015986061,1
2363,0015986063,1
2364,0015437730,
2365,0015827030,1
2366,0015827032,
2367,0003700252,1
2368,0003701363,1
2369,0003700055,1
2370,0003700057,1
2371,0016002653,
2372,0015823172,1
2373,0015631952,1
2374,0015890014,
2375,0015917685,
2376,0015918256,
2377,0015788440,1
2378,0015788612,1
2379,0015999641,1
2380,0015794598,
2381,0015810035,
2382,0015148829,1
2383,0015997815,1
2384,0015998197,1
2385,0015921064,1
2386,0015996245,1
2387,0003700679,1
2388,0015379244,1
2389,0003701413,1
2390,0003701412,1
2391,0003701043,
2392,0003700671,1
2393,0015050575,
2394,0003700098,1
2395,0015997650,1
2396,0015969791,1
2397,0015159808,1
2398,0015404635,1
2399,0015561683,1
2400,0015561693,1
2401,0015561745,1
2402,0015563158,1
2403,0015563160,1
2404,0015563162,1
2405,0015563834,1
2406,0015563837,1
2407,0015563855,1
2408,0015564366,1
2409,0015564367,1
2410,0015564369,1
2411,0015382330,1
2412,0003700014,1
2413,0015923213,1
2414,0015997721,1
2415,0015712547,1
2416,0016003242,
2417,0003700313,1
2418,0015378285,1
2419,0003700100,1
2420,0003700098,
2421,0015564373,1
2422,0015564374,1
2423,0015564376,1
2424,0015996225,1
2425,0015954539,
2426,0015566785,1
2427,0015232134,1
2428,0015809728,1
2429,0015809735,1
2430,0015809739,1
2431,0015809747,1
2432,0015809752,1
2433,0015809755,1
2434,0015809805,1
2435,0015999809,1
2436,0015999816,1
2437,0003700620,1
2438,0015564664,1
2439,0015564667,1
2440,0015564669,1
2441,0015564672,1
2442,0015564816,1
2443,0015985911,1
2444,0016003697,
2445,0016003696,
2446,0016003696,1
2447,0016003697,1
2448,0015985396,1
2449,0015787023,15
2450,0015786032,15
2451,0015786310,15
2452,0015786239,15
2453,0015786411,15
2454,0015741738,
2455,0015734346,15
2456,0015785044,15
2457,0015741731,
2458,0015741671,
2459,0015741608,15
2460,0015780972,
2461,0015780983,15
2462,0015776453,15
2463,0015776344,15
2464,0015973127,15
2465,0015776344,
2466,0015786089,15
2467,0015973167,15
2468,0015973170,15
2469,0015785470,15
2470,0015788550,15
2471,0015786218,15
2472,0015973171,15
2473,0015776457,15
2474,0015973166,
2475,0015777829,
2476,0015777835,15
2477,0015776906,
2478,0015973177,
2479,0015973181,15
2480,0015786062,15
2481,0015786062,
2482,0015973182,15
2483,0015973181,
2484,0015786827,15
2485,0015785850,15
2486,0015786296,15
2487,0015786143,15
2488,0015785489,15
2489,0015781454,15
2490,0015785561,15
2491,0015786435,15
2492,0015787005,15
2493,0015785914,
2494,0015785488,15
2495,0015786265,15
2496,0015786133,15
2497,0015733931,15
2498,0015734289,15
2499,0015734286,15
2500,0015781452,
2501,0015735066,
2502,0015735924,15
2503,0015780976,15
2504,0015973127,
2505,0015787271,15
2506,0015786221,15
2507,0015786854,15
2508,0015777829,15
2509,0015786027,15
2510,0015785823,15
2511,0015777830,
2512,0015776457,
2513,0015973178,
2514,0015973180,15
2515,0015973186,15
2516,0015973187,15
2517,0015973188,15
2518,0015973194,15
2519,0015973186,
2520,0015785530,15
2521,0015785900,
2522,0015786018,15
2523,0015785449,15
2524,0015741725,15
2525,0015784374,15
2526,0015786804,
2527,0015734923,15
2528,0015741733,
2529,0015734710,
2530,0015741680,15
2531,0015780989,15
2532,0015741771,15
2533,0015776341,15
2534,0015781454,
2535,0015786300,
2536,0015786449,
2537,0015786162,
2538,0015786831,
2539,0015786451,
2540,0015973164,
2541,0015973166,15
2542,0015781423,15
2543,0015973185,15
2544,0015973188,
2545,0015973187,
2546,0015973185,
2547,0015973198,15
2548,0015786363,15
2549,0015785844,15
2550,0015785505,
2551,0015785502,15
2552,0015785505,
2553,0015785610,15
2554,0015786196,15
2555,0015984723,15
2556,0015786108,15
2557,0015785901,15
2558,0015785731,15
2559,0015786427,15
2560,0015786164,15
2561,0015564292,
2562,0015741731,15
2563,0015786196,
2564,0015786119,15
2565,0015786822,15
2566,0015786025,15
2567,0015786427,
2568,0015786214,15
2569,0015786178,15
2570,0015785570,
2571,0015721077,15
2572,0015786300,15
2573,0015741725,
2574,0015741717,15
2575,0015735066,15
2576,0015787041,15
2577,0015741738,15
2578,0015785025,15
2579,0015785575,15
2580,0015735922,15
2581,0015735925,15
2582,0015741634,15
2583,0015818448,15
2584,0015780981,15
2585,0015786907,
2586,0015780976,
2587,0015973162,15
2588,0015906400,
2589,0015786217,15
2590,0015785907,15
2591,0015794846,15
2592,0015785626,15
2593,0015795017,15
2594,0015786036,15
2595,0015564292,15
2596,0015785482,15
2597,0015732881,
2598,0015785449,
2599,0015741733,15
2600,0015786311,15
2601,0015786419,
2602,0015786348,15
2603,0015786162,15
2604,0015734784,15
2605,0015785040,15
2606,0015785037,15
2607,0015785033,15
2608,0015785022,
2609,0015735499,15
2610,0015741645,15
2611,0015780972,15
2612,0015786989,15
2613,0015788907,
2614,0015776346,15
2615,0015776345,15
2616,0015785613,15
2617,0015785022,15
2618,0015781034,15
2619,0015786813,
2620,0015787271,
2621,0015973129,15
2622,0015973130,
2623,0015943122,
2624,0015973164,15
2625,0015786134,15
2626,0015785984,15
2627,0016002860,15
2628,0015785892,15
2629,0015786247,15
2630,0015786433,15
2631,0015785570,15
2632,0015785845,15
2633,0015785646,15
2634,0015732881,15
2635,0015786426,15
2636,0015785625,15
2637,0015785636,15
2638,0015786163,15
2639,0015784418,15
2640,0015786155,15
2641,0015786619,15
2642,0015785625,
2643,0015785636,
2644,0015786036,
2645,0015786108,
2646,0015786426,
2647,0015785532,15
2648,0015786163,
2649,0015946233,1
2650,0015734346,
2651,0015734710,15
2652,0015644976,15
2653,0015781455,15
2654,0015781453,15
2655,0015741738,
2656,0015734352,15
2657,0015786437,15
2658,0015786441,15
2659,0015735497,15
2660,0015970289,15
2661,0015786449,15
2662,0015735920,15
2663,0015776343,15
2664,0015785910,
2665,0015785505,15
2666,0015786419,15
2667,0015785891,
2668,0015786433,
2669,0015786417,15
2670,0015892893,1
2671,0015733928,15
2672,0015781450,15
2673,0015741706,15
2674,0015735455,15
2675,0015786299,15
2676,0015957629,
2677,0015973131,15
2678,0015736160,15
2679,0015776342,15
2680,0015776342,
2681,0015780989,
2682,0015786907,15
2683,0015776453,
2684,0015786437,
2685,0015786243,
2686,0015973128,15
2687,0015783901,15
2688,0015786291,15
2689,0015783654,15
2690,0015781831,15
2691,0015781381,15
2692,0015973163,15
2693,0015776908,15
2694,0015973165,15
2695,0015781429,15
2696,0015973177,15
2697,0015777830,15
2698,0015777833,15
2699,0015973178,15
2700,0015973180,
2701,0015785546,15
2702,0015785891,15
2703,0015786388,15
2704,0015786395,15
2705,0015786298,15
2706,0015785914,15
2707,0015786118,15
2708,0015786408,15
2709,0015786345,15
2710,0015888523,
2711,0015786048,15
2712,0015786381,15
2713,0015785045,15
2714,0015781344,15
2715,0015735452,15
2716,0015735452,
2717,0015786203,15
2718,0015741684,15
2719,0015786125,15
2720,0015735918,15
2721,0015741909,15
2722,0015973131,
2723,0015780981,
2724,0015786746,15
2725,0015786849,
2726,0015973130,15
2727,0015781452,15
2728,0015788561,15
2729,0015795461,15
2730,0015786860,15
2731,0015786193,15
2732,0015786008,15
2733,0015781374,15
2734,0015742104,15
2735,0015776906,15
2736,0015785670,15
2737,0015749242,15
2738,0015750202,15
2739,0015645073,15
2740,0015733920,15
2741,0015786407,15
2742,0015785488,
2743,0015740825,15
2744,0015795661,15
2745,0015818435,15
2746,0015736175,15
2747,0015741644,15
2748,0015778082,15
2749,0015778082,
2750,0015776376,15
2751,0015786190,15
2752,0015788550,
2753,0015786190,
2754,0015787010,15
2755,0015787101,15
2756,0015788878,15
2757,0015788898,15
2758,0015822233,15
2759,0015974373,15
2760,0016000098,15
2761,0015786291,
2762,0015786854,
2763,0015786134,
2764,0015786288,15
2765,0015795564,15
2766,0015721146,15
2767,0015795599,15
2768,0015786008,
2769,0015777761,15
2770,0015786014,15
2771,0015786023,15
2772,0015786186,
2773,0015786045,15
2774,0015645072,15
2775,0015794924,15
2776,0015787802,15
2777,0015787731,15
2778,0015787328,15
2779,0015786813,15
2780,0015973162,
2781,0015893168,
2782,0015818445,15
2783,0015778081,15
2784,0015741636,15
2785,0015956106,
2786,0015776055,15
2787,0015778078,15
2788,0015776042,15
2789,0015741681,15
2790,0015741756,
2791,0015741876,15
2792,0015973369,15
2793,0015786236,15
2794,0015786169,15
2795,0015943122,
2796,0015785083,15
2797,0015785121,15
2798,0015786221,
2799,0015786217,
2800,0015786193,
2801,0015786181,15
2802,0015786135,15
2803,0015786028,15
2804,0015786186,
2805,0015786149,15
2806,0015817355,15
2807,0015785511,15
2808,0015785914,
2809,0015786085,15
2810,0015786422,15
2811,0015785850,
2812,0015785524,15
2813,0015786849,15
2814,0015795862,15
2815,0015787682,15
2816,0015739375,15
2817,0015786086,15
2818,0015795408,15
2819,0015973160,15
2820,0015741605,15
2821,0015741644,
2822,0015777837,15
2823,0015182833,15
2824,0015741752,15
2825,0015968873,15
2826,0003700348,
2827,0003700348,15
2828,0003701274,
2829,0003701274,15
2830,0015641582,15
2831,0015741681,
2832,0015795461,
2833,0015741955,15
2834,0015741955,
2835,0015786027,
2836,0015786006,15
2837,0015785505,
2838,0015785984,
2839,0015785904,15
2840,0015785896,15
2841,0015785852,15
2842,0015785823,
2843,0015733921,15
2844,0015818451,15
2845,0015786282,15
2846,0015787064,15
2847,0015786439,15
2848,0015785538,
2849,0015786007,15
2850,0015786451,15
2851,0015785518,15
2852,0015786117,15
2853,0015786199,15
2854,0015787339,15
2855,0015787327,15
2856,0015786265,
2857,0015818433,15
2858,0015777917,15
2859,0015786979,15
2860,0015776376,
2861,0015786065,15
2862,0015786169,
2863,0015890645,
2864,0015889496,
2865,0015889513,
2866,0015820066,15
2867,0015741925,
2868,0015785482,
2869,0015785513,15
2870,0015795507,15
2871,0015786031,15
2872,0015824332,15
2873,0015785780,15
2874,0015785726,15
2875,0015785721,15
2876,0015785915,15
2877,0015777762,15
2878,0015785914,
2879,0015785906,
2880,0015733923,15
2881,0015794560,15
2882,0015786204,15
2883,0015973167,
2884,0015786186,15
2885,0015786122,15
2886,0015785907,
2887,0015786085,
2888,0015786177,15
2889,0015786244,15
2890,0015889495,1
2891,0015786136,15
2892,0015787349,15
2893,0015787397,15
2894,0015785855,15
2895,0015786158,15
2896,0015818439,15
2897,0015785127,15
2898,0015741595,15
2899,0015778083,15
2900,0015778471,15
2901,0015786979,
2902,0015786359,15
2903,0015786199,
2904,0015785855,
2905,0015786100,15
2906,0015786045,
2907,0015777762,
2908,0015785524,
2909,0015785645,
2910,0015785899,15
2911,0015781420,15
2912,0015781423,
2913,0015785620,15
2914,0015733922,15
2915,0015741432,15
2916,0015786115,15
2917,0015738974,15
2918,0015787041,
2919,0015787352,15
2920,0015787329,15
2921,0015786740,15
2922,0015973194,
2923,0015786407,
2924,0015973214,15
2925,0015886849,
2926,0015738968,15
2927,0015741663,15
2928,0015778080,15
2929,0015741912,15
2930,0015968548,15
2931,0015968548,
2932,0015968559,
2933,0015970451,15
2934,0015970750,15
2935,0015970750,
2936,0015970967,15
2937,0015971027,15
2938,0015973254,15
2939,0015973316,
2940,0015973316,15
2941,0015786412,15
2942,0015741952,15
2943,0015788561,
2944,0015786860,
2945,0015741657,15
2946,0015784212,15
2947,0015784222,15
2948,0015785650,
2949,0015889513,
2950,0015794928,15
2951,0015787351,15
2952,0015787336,15
2953,0015787337,15
2954,0015786243,15
2955,0015809794,15
2956,0015778081,
2957,0015787147,15
2958,0015776056,15
2959,0015968559,15
2960,0015968873,
2961,0015969200,15
2962,0015969200,
2963,0015970403,
2964,0015970403,15
2965,0015786144,15
2966,0015786432,15
2967,0015578687,15
2968,0015741625,15
2969,0015750521,15
2970,0015750666,15
2971,0015783365,15
2972,0015784017,15
2973,0015784024,15
2974,0015784065,15
2975,0015784086,15
2976,0015784131,15
2977,0015784136,15
2978,0015784182,15
2979,0015784327,15
2980,0015784910,15
2981,0015786811,15
2982,0015786973,15
2983,0015786983,15
2984,0015786995,15
2985,0015782811,
2986,0015783866,15
2987,0015785459,15
2988,0015741931,
2989,0015973130,
2990,0015973177,
2991,0015785707,15
2992,0015786082,
2993,0015779870,15
2994,0015742104,
2995,0015786272,15
2996,0015795726,15
2997,0015786440,15
2998,0015776774,
2999,0015787065,15
3000,0015787065,
3001,0015787084,15
3002,0015733950,
3003,0016002801,
3004,0015784418,
3005,0015818492,15
3006,0015817246,15
3007,0015818547,15
3008,0015818142,15
3009,0015785991,15
3010,0015785728,15
3011,0015742032,15
3012,0015785591,15
3013,0015742055,15
3014,0015785556,15
3015,0015794841,15
3016,0015935088,
3017,0015795070,15
3018,0015954176,
3019,0015785473,15
3020,0015782820,15
3021,0015973182,
3022,0015750202,
3023,0015776779,15
3024,0015778441,15
3025,0015786431,15
3026,0015786434,15
3027,0015776053,
3028,0015777519,15
3029,0015776704,15
3030,0015889513,
3031,0015777520,15
3032,0015786446,15
3033,0015787022,
3034,0015973161,
3035,0016002474,
3036,0015795337,15
3037,0015822955,15
3038,0015777110,15
3039,0015777605,15
3040,0015777909,
3041,0015786914,15
3042,0015786910,15
3043,0015777602,15
3044,0015777601,15
3045,0015777911,
3046,0015786092,
3047,0015786941,
3048,0015786146,
3049,0015811074,15
3050,0016002473,15
3051,0015917683,
3052,0015630476,
3053,0015783901,
3054,0015942737,1
3055,0015777760,15
3056,0015817986,15
3057,0015741940,
3058,0015785453,15
3059,0015783639,15
3060,0015776779,
3061,0015745618,
3062,0015778496,15
3063,0015783651,
3064,0015786260,
3065,0015574973,15
3066,0015624218,15
3067,0015721016,15
3068,0015721023,15
3069,0015728832,15
3070,0015734343,15
3071,0015784119,15
3072,0015795009,15
3073,0016001601,15
3074,0016002250,15
3075,0016002798,15
3076,0016003665,15
3077,0015941670,
3078,0015786345,
3079,0015795508,15
3080,0015787025,15
3081,0015787031,15
3082,0015786964,15
3083,0015787122,15
3084,0015787104,15
3085,0015786997,15
3086,0015787021,15
3087,0015788464,15
3088,0015784846,15
3089,0015786029,15
3090,0015365230,15
3091,0015783653,15
3092,0015781381,
3093,0015741952,
3094,0015786081,15
3095,0015781427,15
3096,0015889513,
3097,0015786218,
3098,0015781341,15
3099,0015786082,15
3100,0015781427,
3101,0015785987,
3102,0015778473,15
3103,0015777934,15
3104,0015776777,
3105,0015787343,15
3106,0015786112,15
3107,0015786184,15
3108,0015786184,
3109,0015786056,15
3110,0015786436,15
3111,0015786060,15
3112,0015785925,15
3113,0015720944,
3114,0015784983,15
3115,0015736734,15
3116,0015787566,15
3117,0015720944,15
3118,0015788461,15
3119,0015788474,15
3120,0015788470,15
3121,0015787506,15
3122,0015788467,15
3123,0015788482,15
3124,0015788488,15
3125,0015781356,15
3126,0015781339,15
3127,0015785709,
3128,0015783643,15
3129,0015783897,15
3130,0015786088,15
3131,0015786088,
3132,0015786171,15
3133,0015786286,15
3134,0015749243,15
3135,0015786080,
3136,0015786218,
3137,0015786416,15
3138,0015786260,15
3139,0015786057,15
3140,0015787848,15
3141,0015785523,15
3142,0015785785,15
3143,0015785819,15
3144,0015786989,
3145,0015786429,15
3146,0015785826,15
3147,0015786220,15
3148,0015786831,15
3149,0015788486,15
3150,0015784858,15
3151,0015787494,15
3152,0015787489,15
3153,0015787571,15
3154,0015624201,15
3155,0015733925,15
3156,0015784998,15
3157,0015795561,15
3158,0015784870,15
3159,0015786444,
3160,0015785518,
3161,0015781760,15
3162,0015676308,
3163,0015741351,15
3164,0015785641,15
3165,0015786034,15
3166,0015786071,15
3167,0015786126,15
3168,0015786165,15
3169,0015786198,15
3170,0015786241,15
3171,0015786604,15
3172,0015786618,15
3173,0015781831,
3174,0015786746,
3175,0015786030,
3176,0015750602,15
3177,0015776343,
3178,0015776907,15
3179,0015776909,15
3180,0015784047,15
3181,0015784058,15
3182,0015745618,15
3183,0015785470,
3184,0015785523,
3185,0015786071,
3186,0015786103,15
3187,0015785665,15
3188,0015786103,
3189,0015941597,15
3190,0015786442,15
3191,0015888578,
3192,0015889513,
3193,0015776776,
3194,0015776775,15
3195,0015787145,15
3196,0015786080,15
3197,0015781449,
3198,0003700052,
3199,0015741925,15
3200,0015999221,
3201,0015785619,15
3202,0015786038,15
3203,0015738917,15
3204,0015776778,15
3205,0015783904,15
3206,0015783927,15
3207,0015783904,
3208,0015776777,15
3209,0015778441,
3210,0015785911,15
3211,0015776054,15
3212,0015779855,15
3213,0015777505,15
3214,0015777505,
3215,0015777504,15
3216,0015777503,15
3217,0015741950,15
3218,0015777922,15
3219,0015787151,15
3220,0015777922,
3221,0015944964,1
3222,0015776774,15
3223,0015741650,
3224,0015741639,15
3225,0015741662,15
3226,0015786448,15
3227,0015786450,15
3228,0015786450,
3229,0015786998,15
3230,0015787022,15
3231,0015786658,15
3232,0015999594,
3233,0015786081,
3234,0015817986,
3235,0015781760,
3236,0015783639,
3237,0015785740,
3238,0015788179,
3239,0015741940,15
3240,0015786091,15
3241,0015783904,
3242,0015786438,15
3243,0015786444,15
3244,0015894329,
3245,0015777520,
3246,0015741770,15
3247,0015741650,15
3248,0015787084,
3249,0015786092,15
3250,0015786146,15
3251,0015786941,15
3252,0015787013,15
3253,0015786658,
3254,0015787008,15
3255,0015787013,
3256,0016002470,15
3257,0016002470,
3258,0015973161,15
3259,0015941803,15
3260,0016002474,15
3261,0016004011,15
3262,0015733947,15
3263,0016002820,15
3264,0015795009,
3265,0015778472,15
3266,0015778472,
3267,0015630488,
3268,0015703284,15
3269,0015726333,15
3270,0015737665,15
3271,0015741688,15
3272,0015741775,15
3273,0015742004,15
3274,0015741941,15
3275,0015742015,15
3276,0015742044,15
3277,0015742052,15
3278,0015742068,15
3279,0015742083,15
3280,0015742105,15
3281,0015742122,15
3282,0015742182,15
3283,0015777116,15
3284,0015777738,15
3285,0015777750,15
3286,0015777859,15
3287,0015778059,15
3288,0015780740,15
3289,0015781309,15
3290,0015785028,15
3291,0015785035,15
3292,0015786222,15
3293,0015786226,15
3294,0015786227,15
3295,0015786245,15
3296,0015786250,15
3297,0015786253,15
3298,0015786258,
3299,0015786258,15
3300,0015786267,15
3301,0015786333,15
3302,0015787077,15
3303,0015787090,15
3304,0015787093,15
3305,0015787103,15
3306,0015630488,
3307,0015742215,15
3308,0015751119,15
3309,0015751120,15
3310,0015751125,15
3311,0015751129,15
3312,0015751130,15
3313,0015751131,15
3314,0015752007,15
3315,0015752019,15
3316,0015776770,15
3317,0015777890,15
3318,0015777973,15
3319,0015778105,15
3320,0015778278,15
3321,0015785050,15
3322,0015785431,15
3323,0015785486,15
3324,0015785515,15
3325,0015785535,15
3326,0015785550,15
3327,0015785559,15
3328,0015785576,15
3329,0015785680,15
3330,0015785698,15
3331,0015785708,15
3332,0015785718,15
3333,0015786104,15
3334,0015786110,15
3335,0015786128,15
3336,0015786137,15
3337,0015786147,15
3338,0015786170,15
3339,0015786180,15
3340,0015786183,15
3341,0015786191,15
3342,0015786208,15
3343,0015786212,15
3344,0015786215,15
3345,0015795573,15
3346,0015919055,1
3347,0015890947,1
3348,0015890001,1
3349,0015909428,1
3350,0015787105,15
3351,0015890230,1
3352,0015785711,15
3353,0015785705,15
3354,0015785702,15
3355,0015785994,15
3356,0015785053,15
3357,0015785581,15
3358,0015741675,15
3359,0015741669,15
3360,0015821406,15
3361,0015823567,15
3362,0015823566,15
3363,0015823565,15
3364,0015823509,15
3365,0015816882,15
3366,0015984731,15
3367,0015984734,15
3368,0015984946,15
3369,0015984748,15
3370,0015984753,15
3371,0015984752,15
3372,0015984743,15
3373,0015984762,15
3374,0015984761,15
3375,0015984759,15
3376,0015984878,15
3377,0015984926,15
3378,0015984930,15
3379,0015984948,15
3380,0015984951,15
3381,0015985002,15
3382,0015984993,15
3383,0015984971,15
3384,0015776776,15
3385,0015890906,1
3386,0015787214,15
3387,0015787233,15
3388,0015787234,15
3389,0015787236,
3390,0015787672,15
3391,0015787738,15
3392,0015787765,15
3393,0015787988,15
3394,0015788114,15
3395,0015818097,15
3396,0015785640,15
3397,0015785663,15
3398,0015785558,15
3399,0015785593,15
3400,0015785547,15
3401,0015785501,15
3402,0015785444,15
3403,0015785583,15
3404,0015731910,15
3405,0015741703,15
3406,0015741698,15
3407,0015741780,15
3408,0015741764,15
3409,0015817276,15
3410,0015741711,15
3411,0015781458,15
3412,0015788216,15
3413,0015822154,15
3414,0015823570,15
3415,0015818776,15
3416,0015818375,15
3417,0015819958,15
3418,0015823504,15
3419,0015970426,15
3420,0015970653,15
3421,0015970670,15
3422,0015970685,15
3423,0015795674,15
3424,0015817342,15
3425,0015888556,1
3426,0015914635,1
3427,0015816467,15
3428,0015818491,15
3429,0015970795,15
3430,0015969102,15
3431,0015984741,15
3432,0015984928,15
3433,0015984742,15
3434,0015984758,15
3435,0015985009,15
3436,0015984973,15
3437,0015785740,15
3438,0015786072,15
3439,0015947886,1
3440,0015786074,15
3441,0015785719,15
3442,0015795595,15
3443,0015795402,15
3444,0015788780,15
3445,0015788765,15
3446,0015788763,15
3447,0015788759,15
3448,0015788756,15
3449,0015778453,15
3450,0015786062,
3451,0015785788,15
3452,0015742066,15
3453,0015785525,15
3454,0015954440,
3455,0015785597,15
3456,0015785837,15
3457,0015785574,15
3458,0015777909,15
3459,0015780738,15
3460,0015785806,15
3461,0015785569,15
3462,0015783627,15
3463,0015920826,1
3464,0015794560,
3465,0015985001,15
3466,0015984995,15
3467,0015984955,15
3468,0015985022,15
3469,0015985034,15
3470,0015986162,15
3471,0015986199,15
3472,0015986200,15
3473,0015986167,15
3474,0015986198,15
3475,0015986207,15
3476,0015986191,15
3477,0015986192,15
3478,0015986176,15
3479,0015986174,15
3480,0015986171,15
3481,0015986213,15
3482,0015986157,15
3483,0015986168,15
3484,0015986187,15
3485,0015986185,15
3486,0015731910,
3487,0015741703,
3488,0015741645,
3489,0015968559,
3490,0015969200,
3491,0015970612,15
3492,0015970750,
3493,0015973316,
3494,0015794494,
3495,0015917090,1
3496,0015922540,1
3497,0015817367,15
3498,0015786980,15
3499,0015776053,15
3500,0015787215,15
3501,0015787221,15
3502,0015787229,15
3503,0015787236,15
3504,0015787237,15
3505,0015787239,15
3506,0015787487,15
3507,0015787639,15
3508,0015787783,15
3509,0015788144,15
3510,0015788207,15
3511,0015786021,15
3512,0015986173,15
3513,0003700348,
3514,0015182833,
3515,0015741876,
3516,0015968548,
3517,0015778452,15
3518,0015037401,15
3519,0015741611,15
3520,0015786388,
3521,0015785408,15
3522,0015785987,15
3523,0015785483,15
3524,0015788768,15
3525,0015787049,15
3526,0015785607,15
3527,0015785992,15
3528,0015777911,15
3529,0015785621,15
3530,0015785764,15
3531,0015785565,15
3532,0015785980,15
3533,0015785648,15
3534,0015890906,1
3535,0015721059,
3536,0015721059,15
3537,0015721061,15
3538,0015721062,15
3539,0015721064,15
3540,0015721065,15
3541,0015733516,15
3542,0015740822,15
3543,0015740824,15
3544,0015741952,
3545,0015747623,15
3546,0015749941,15
3547,0015749950,
3548,0015749950,15
3549,0015741931,15
3550,0015739428,15
3551,0015970403,
3552,0015786205,15
3553,0015742102,15
3554,0015984744,15
3555,0015775475,15
3556,0015795347,15
3557,0015116214,15
3558,0015116217,
3559,0015116217,15
3560,0015116397,
3561,0015116397,15
3562,0015116497,15
3563,0015614128,15
3564,0015614131,15
3565,0015614132,15
3566,0015614134,15
3567,0015628989,15
3568,0015630476,
3569,0015630488,
3570,0015786072,
3571,0015786088,
3572,0015787425,15
3573,0015818101,15
3574,0016004608,15
3575,0015788778,15
3576,0015777119,15
3577,0015787220,15
3578,0015721110,
3579,0015751121,15
3580,0015742194,15
3581,0015788089,15
3582,0015984939,15
3583,0015766468,15
3584,0015984735,15
3585,0015986205,15
3586,0015787222,15
3587,0015778523,15
3588,0015781307,15
3589,0015984750,15
3590,0015787231,15
3591,0015775478,15
3592,0015984736,15
3593,0015777744,15
3594,0015820562,15
3595,0015742208,15
3596,0015742014,15
3597,0015777096,15
3598,0015777751,15
3599,0015776441,15
3600,0015776734,15
3601,0015986182,15
3602,0015742116,15
3603,0015985012,15
3604,0015776444,15
3605,0015781305,15
3606,0015787117,15
3607,0015786209,15
3608,0015788679,15
3609,0015730261,15
3610,0015738860,15
3611,0015739424,15
3612,0015821395,15
3613,0015786238,15
3614,0015777501,15
3615,0015766477,15
3616,0015788166,15
3617,0015986183,15
3618,0015785975,15
3619,0015986201,15
3620,0015984760,15
3621,0015777158,15
3622,0015742024,15
3623,0015742222,15
3624,0015788177,15
3625,0015984745,15
3626,0015741904,15
3627,0015742145,15
3628,0015751126,15
3629,0015777749,15
3630,0015777920,15
3631,0015751122,15
3632,0015742198,15
3633,0015986156,15
3634,0015742162,15
3635,0015777526,15
3636,0015786157,15
3637,0015787741,15
3638,0015786277,15
3639,0016003742,15
3640,0015776684,15
3641,0015794929,
3642,0015777769,15
3643,0015787755,15
3644,0015970681,15
3645,0015776440,15
3646,0015706940,15
3647,0015780739,15
3648,0015742010,15
3649,0015741901,15
3650,0015741895,15
3651,0015741916,15
3652,0015741898,15
3653,0015741884,15
3654,0015741892,15
3655,0015986196,15
3656,0015742128,15
3657,0015766472,15
3658,0015787768,15
3659,0015787085,15
3660,0015742061,15
3661,0015777016,15
3662,0015986160,15
3663,0016004058,15
3664,0015786339,15
3665,0015742192,15
3666,0015742153,15
3667,0015817028,15
3668,0015752044,15
3669,0015968941,15
3670,0015986209,15
3671,0015787207,15
3672,0015742230,15
3673,0015787226,15
3674,0015777500,15
3675,0015778106,15
3676,0015822123,15
3677,0015778553,15
3678,0015742139,15
3679,0015777606,15
3680,0015968940,
3681,0015785688,15
3682,0015984944,15
3683,0015751127,15
3684,0015721110,15
3685,0015984950,15
3686,0015788682,15
3687,0015817369,15
3688,0015750653,15
3689,0016002599,15
3690,0015578563,15
3691,0015578588,
3692,0015578588,15
3693,0015578638,15
3694,0015640295,15
3695,0015749964,15
3696,0015750646,15
3697,0015750650,15
3698,0015750654,15
3699,0015750662,15
3700,0015776054,
3701,0015776778,
3702,0015777923,15
3703,0015739419,15
3704,0015795057,15
3705,0015116497,
3706,0015742110,15
3707,0015777766,15
3708,0015786271,15
3709,0015794929,15
3710,0015786179,15
3711,0015777190,15
3712,0015742226,15
3713,0015742188,15
3714,0015817038,15
3715,0015116504,15
3716,0015687567,15
3717,0015970686,15
3718,0015788434,15
3719,0015786139,15
3720,0015788102,15
3721,0015728758,
3722,0015786234,15
3723,0015786195,15
3724,0015751136,15
3725,0015971092,15
3726,0015742211,15
3727,0015780737,15
3728,0015777502,15
3729,0015986184,15
3730,0015742021,15
3731,0015775474,15
3732,0015984754,15
3733,0015742205,15
3734,0015775477,15
3735,0015766474,15
3736,0015787486,15
3737,0015721237,15
3738,0015752036,15
3739,0015821126,15
3740,0015742034,15
3741,0015776578,15
3742,0015726329,15
3743,0015751133,15
3744,0015741993,15
3745,0015999931,15
3746,0015751135,15
3747,0015787069,15
3748,0015741972,15
3749,0015787114,15
3750,0015741986,15
3751,0016002575,15
3752,0015970563,
3753,0015788151,15
3754,0015786229,15
3755,0015785906,15
3756,0015795430,15
3757,0015258830,
3758,0015258830,15
3759,0015676885,
3760,0015116498,15
3761,0015116503,15
3762,0015742180,15
3763,0015785465,15
3764,0015786259,15
3765,0015786838,15
3766,0015824321,15
3767,0015794707,15
3768,0015786074,
3769,0015721234,15
3770,0015819919,15
3771,0016000095,15
3772,0016000852,15
3773,0015999930,15
3774,0016003107,15
3775,0016003176,15
3776,0016002585,15
3777,0016004613,15
3778,0015788151,
3779,0015116498,
3780,0015984878,
3781,0015984734,
3782,0015817028,
3783,0015778104,15
3784,0015787099,15
3785,0015984931,15
3786,0015139240,15
3787,0015662870,15
3788,0015712796,
3789,0015712796,15
3790,0015713755,
3791,0015713755,15
3792,0015721243,15
3793,0015726335,
3794,0015726335,15
3795,0015728108,
3796,0015728108,15
3797,0015728109,15
3798,0015780742,15
3799,0015917393,
3800,0015785645,15
3801,0015785709,15
3802,0015737783,15
3803,0015738923,15
3804,0015742037,15
3805,0015787240,15
3806,0015968920,
3807,0015968920,15
3808,0015968939,15
3809,0015968940,15
3810,0015968942,15
3811,0015968949,15
3812,0015968961,15
3813,0015968967,
3814,0015968967,15
3815,0015968975,15
3816,0015969413,15
3817,0015970150,15
3818,0015970158,15
3819,0015795514,15
3820,0015970199,15
3821,0015970200,15
3822,0015970203,15
3823,0015970246,15
3824,0015970419,15
3825,0015970483,15
3826,0015970563,15
3827,0015970600,15
3828,0015820792,15
3829,0015787688,15
3830,0015787727,15
3831,0015787821,15
3832,0015787664,15
3833,0015787695,15
3834,0015787731,
3835,0015795547,15
3836,0015787305,15
3837,0015787313,15
3838,0015787850,15
3839,0015787834,15
3840,0015795408,
3841,0015787823,15
3842,0015787344,15
3843,0015787361,15
3844,0015787380,15
3845,0015787049,
3846,0015795862,
3847,0015787387,15
3848,0015786022,15
3849,0015785728,
3850,0015785719,
3851,0015818099,15
3852,0015818232,15
3853,0015781128,15
3854,0015741770,
3855,0015795395,
3856,0015890233,1
3857,0015644978,15
3858,0015707791,15
3859,0015778451,15
3860,0015777520,
3861,0015777504,
3862,0015776779,
3863,0015776776,
3864,0015777519,
3865,0015893188,
3866,0015742124,
3867,0015738917,
3868,0015786933,15
3869,0015786265,
3870,0015787802,
3871,0015787317,15
3872,0015787316,15
3873,0015787332,15
3874,0015787329,
3875,0015787857,
3876,0015787822,15
3877,0015787847,15
3878,0015787839,15
3879,0015973170,
3880,0015787337,
3881,0015787351,
3882,0015787350,15
3883,0015787371,15
3884,0015795626,15
3885,0015787399,15
3886,0015795870,15
3887,0015786026,15
3888,0015785992,
3889,0015742066,
3890,0015785504,15
3891,0015785569,
3892,0015785806,
3893,0015785837,
3894,0015795614,15
3895,0015787848,
3896,0015728838,15
3897,0015574978,
3898,0015785251,15
3899,0015893187,
3900,0015886840,
3901,0015886840,
3902,0015896904,
3903,0015787297,15
3904,0015785962,15
3905,0015788526,15
3906,0016002917,15
3907,0016005230,15
3908,0015795717,15
3909,0015795866,15
3910,0015818668,15
3911,0015787302,15
3912,0015787294,15
3913,0015795857,15
3914,0015786523,
3915,0015787374,15
3916,0015787364,15
3917,0015787353,15
3918,0015742109,15
3919,0015785408,
3920,0015785607,
3921,0015785648,
3922,0015785651,15
3923,0015785700,15
3924,0015785858,15
3925,0015781222,15
3926,0015785845,
3927,0015776056,
3928,0015786072,
3929,0015787144,
3930,0015786163,
3931,0015785900,
3932,0015250218,15
3933,0015789074,15
3934,0015789110,15
3935,0015809897,15
3936,0015787144,
3937,0015742180,
3938,0015787336,
3939,0015787319,15
3940,0015825769,
3941,0015787835,15
3942,0015787345,15
3943,0015820685,15
3944,0015742180,
3945,0015785452,15
3946,0015785541,15
3947,0015785580,15
3948,0015785591,
3949,0015785704,15
3950,0015785716,15
3951,0015785740,
3952,0015785815,15
3953,0015785982,15
3954,0015785986,15
3955,0015745610,15
3956,0015915597,
3957,0015785692,15
3958,0015795575,15
3959,0015795661,
3960,0015935224,15
3961,0015914844,
3962,0016002917,
3963,0015818248,15
3964,0015973195,
3965,0015818260,15
3966,0015818266,15
3967,0015809735,
3968,0015787107,15
3969,0015952499,
3970,0015915171,
3971,0015915171,
3972,0015780741,15
3973,0015795630,15
3974,0015787311,15
3975,0015785711,
3976,0015969132,
3977,0015917683,
3978,0015787323,15
3979,0015915528,
3980,0015794922,15
3981,0015973195,15
3982,0015780981,
3983,0015787348,15
3984,0015787180,15
3985,0015795889,15
3986,0016000576,15
3987,0015785553,15
3988,0015889756,
3989,0015785980,
3990,0015787692,15
3991,0015825769,15
3992,0015939746,
3993,0015818222,15
3994,0015973195,
3995,0015786231,15
3996,0015185332,15
3997,0015184945,15
3998,0015372536,15
3999,0015786680,15
4000,0015786680,
4001,0015372536,
4002,0015185332,
4003,0015184945,
4004,0015184945,
4005,0015372536,
4006,0015185332,
4007,0015787144,15
4008,0015785922,
4009,0015787300,15
4010,0015787327,
4011,0015787328,
4012,0015787333,15
4013,0015918252,
4014,0015973195,
4015,0015795567,15
4016,0015788179,15
4017,0015787338,15
4018,0015787341,15
4019,0015787378,15
4020,0015787397,
4021,0015795831,15
4022,0015742032,
4023,0015785525,
4024,0015785584,15
4025,0015785601,15
4026,0015785681,15
4027,0015785687,15
4028,0015785691,15
4029,0015785764,
4030,0015785985,
4031,0015785991,
4032,0015534734,15
4033,0015886840,
4034,0015886840,
4035,0015890239,
4036,0015984395,15
4037,0015984072,15
4038,0015574745,
4039,0015574745,
4040,0015750505,15
4041,0015784051,15
4042,0015785240,15
4043,0015733948,15
4044,0015944737,
4045,0015787331,15
4046,0015787324,15
4047,0015787841,15
4048,0015788172,15
4049,0015787342,15
4050,0015787339,
4051,0015787365,15
4052,0015787401,15
4053,0015787386,15
4054,0015787394,15
4055,0015785993,15
4056,0015742055,
4057,0015893189,
4058,0015785556,
4059,0015785565,
4060,0015785597,
4061,0015785977,15
4062,0015785987,
4063,0015820792,
4064,0015624218,
4065,0015574745,
4066,0015984072,
4067,0015574745,
4068,0015574973,
4069,0015574978,
4070,0015742124,15
4071,0015818201,15
4072,0015786899,15
4073,0015941670,
4074,0015720953,15
4075,0015721042,15
4076,0015741599,15
4077,0015741701,15
4078,0015741949,15
4079,0015787528,
4080,0015886120,
4081,0015786866,
4082,0015788393,15
4083,0015789062,15
4084,0015809671,
4085,0015809671,15
4086,0015730888,
4087,0015730889,
4088,0015185030,
4089,0015823781,15
4090,0003701227,15
4091,0015407333,15
4092,0015738973,15
4093,0015795342,15
4094,0015795342,
4095,0015795342,
4096,0015169355,
4097,0015786829,15
4098,0015780732,15
4099,0015185037,15
4100,0015787632,15
4101,0015787671,15
4102,0015787837,15
4103,0015787421,15
4104,0015787468,15
4105,0015787430,15
4106,0015787330,15
4107,0015785950,15
4108,0015787408,15
4109,0015785949,15
4110,0015787416,15
4111,0015787589,15
4112,0015786153,15
4113,0015787254,15
4114,0015786091,
4115,0015889739,1
4116,0015751031,15
4117,0015890920,
4118,0015786400,15
4119,0015955104,1
4120,0015786063,
4121,0015786262,
4122,0015786452,15
4123,0015786857,
4124,0015786891,
4125,0015786880,
4126,0015786868,15
4127,0015787285,15
4128,0015818570,15
4129,0015658769,
4130,0015658769,15
4131,0015721970,15
4132,0015787724,15
4133,0015787772,
4134,0015788694,
4135,0015788694,15
4136,0015788705,
4137,0015788915,15
4138,0015788920,
4139,0015794796,
4140,0015794796,15
4141,0015795218,15
4142,0015795386,15
4143,0015808410,
4144,0015808410,15
4145,0015808420,
4146,0015808420,15
4147,0015785846,15
4148,0015786885,15
4149,0015741931,
4150,0015818594,15
4151,0015778078,
4152,0015776907,
4153,0015809673,15
4154,0015809677,15
4155,0015809681,15
4156,0015809689,15
4157,0015809690,15
4158,0015809695,
4159,0015809695,15
4160,0015809700,15
4161,0015809704,15
4162,0015809706,15
4163,0015809708,15
4164,0015809719,15
4165,0015809724,15
4166,0015809729,15
4167,0015809730,15
4168,0015809732,15
4169,0015809736,15
4170,0015809737,15
4171,0015809741,15
4172,0015809746,15
4173,0015809757,15
4174,0015809796,15
4175,0015809799,15
4176,0015809866,15
4177,0015809869,15
4178,0015809883,15
4179,0015809939,15
4180,0015809966,15
4181,0015809987,15
4182,0015810057,15
4183,0015810572,15
4184,0015810769,15
4185,0015962013,15
4186,0015787349,
4187,0015786645,
4188,0015786131,15
4189,0015676308,
4190,0015961022,
4191,0015889206,
4192,0015786084,15
4193,0015786865,15
4194,0016002655,
4195,0016002655,
4196,0015811423,
4197,0015811423,15
4198,0015818169,15
4199,0015818420,15
4200,0015818426,15
4201,0015818428,15
4202,0015818468,15
4203,0015818481,15
4204,0015819955,15
4205,0015983710,15
4206,0016000485,15
4207,0015808388,
4208,0015808388,15
4209,0015808392,
4210,0015808392,15
4211,0016002472,15
4212,0015786101,
4213,0015786051,15
4214,0016002472,
4215,0015787089,
4216,0016002473,
4217,0015787256,
4218,0015676308,
4219,0015785996,15
4220,0015788381,
4221,0015786724,15
4222,0015786424,15
4223,0015776907,
4224,0015786246,15
4225,0015786286,
4226,0015786845,15
4227,0015808412,15
4228,0015788335,15
4229,0015788348,
4230,0015788348,15
4231,0015788351,
4232,0015788351,15
4233,0015788360,15
4234,0015788378,15
4235,0015710818,15
4236,0015970605,15
4237,0015970669,15
4238,0015969101,15
4239,0015169817,
4240,0015969101,
4241,0015970670,
4242,0015710818,
4243,0015731904,
4244,0015725368,15
4245,0015725371,15
4246,0015169351,15
4247,0015969127,15
4248,0015169338,
4249,0015808432,
4250,0015787067,15
4251,0015974306,15
4252,0015728757,15
4253,0015816961,15
4254,0015787480,15
4255,0015785900,
4256,0016000653,15
4257,0015816880,15
4258,0015786066,15
4259,0015818276,15
4260,0015787851,15
4261,0015786453,15
4262,0015970616,15
4263,0015970629,
4264,0015970629,
4265,0015970631,
4266,0015970631,15
4267,0015970649,
4268,0015970649,
4269,0015970649,
4270,0015890920,
4271,0015787758,15
4272,0015786056,
4273,0015786889,
4274,0015786428,
4275,0015748916,15
4276,0015808412,
4277,0015787089,
4278,0015935035,15
4279,0015786098,15
4280,0015725372,15
4281,0015737922,15
4282,0003700295,
4283,0015970404,18
4284,0015751031,
4285,0015787832,15
4286,0015788722,15
4287,0015787555,15
4288,0015786140,15
4289,0015787474,15
4290,0015889738,1
4291,0015730857,
4292,0015730857,15
4293,0015730854,15
4294,0015781244,15
4295,0015746508,15
4296,0015787710,15
4297,0015818429,15
4298,0015809679,
4299,0015809684,
4300,0015809663,
4301,0015809667,
4302,0015809681,
4303,0015809679,15
4304,0015817543,
4305,0015809676,15
4306,0015809663,15
4307,0015809675,15
4308,0015809684,15
4309,0015817543,15
4310,0015809667,15
4311,0015786659,15
4312,0015721149,15
4313,0015786866,15
4314,0015786718,15
4315,0015781235,15
4316,0015786750,15
4317,0015185039,
4318,0015984882,15
4319,0015185031,
4320,0015983461,15
4321,0015795015,
4322,0015721051,
4323,0015984884,15
4324,0015786859,
4325,0015748917,15
4326,0015751035,15
4327,0015788144,
4328,0015788477,15
4329,0015970600,
4330,0015970613,
4331,0015970613,15
4332,0015970614,15
4333,0015970615,15
4334,0015970710,15
4335,0015970710,
4336,0015970727,
4337,0015970727,15
4338,0015970727,
4339,0015970728,15
4340,0015970787,
4341,0015970787,15
4342,0015973148,
4343,0015973148,15
4344,0015973222,15
4345,0016000315,15
4346,0016002575,
4347,0015169371,15
4348,0015970663,15
4349,0015776457,
4350,0015786865,
4351,0015786878,
4352,0015185030,15
4353,0015730888,15
4354,0015730889,15
4355,0015730889,
4356,0015730888,
4357,0015185030,
4358,0015185030,
4359,0015786096,15
4360,0015185035,
4361,0015185035,
4362,0015185035,15
4363,0015795015,
4364,0015787426,15
4365,0015786067,15
4366,0015969815,18
4367,0015893191,
4368,0015915073,
4369,0015811074,
4370,0015302231,15
4371,0015437731,15
4372,0015568826,15
4373,0015970699,15
4374,0015969859,15
4375,0015969126,15
4376,0015969010,15
4377,0015969027,15
4378,0015969033,15
4379,0015437731,
4380,0015624165,
4381,0015624165,15
4382,0015730030,15
4383,0015730292,15
4384,0015729993,15
4385,0015729998,15
4386,0015730302,15
4387,0015730296,15
4388,0015970662,
4389,0015787479,15
4390,0015787575,
4391,0015735916,15
4392,0015185035,
4393,0015786659,
4394,0015787264,15
4395,0015788787,15
4396,0015787476,15
4397,0015788767,
4398,0015816961,
4399,0015788837,15
4400,0015786030,15
4401,0015786803,
4402,0015739096,15
4403,0015776906,
4404,0015956863,1
4405,0015786751,15
4406,0015786153,
4407,0015787482,
4408,0015785934,15
4409,0015785938,15
4410,0015786523,
4411,0015780732,
4412,0015779935,
4413,0015728767,
4414,0015171154,
4415,0015779935,
4416,0015779935,
4417,0015786524,15
4418,0015787558,
4419,0015787670,15
4420,0015787650,15
4421,0015788092,15
4422,0015788862,15
4423,0015787932,15
4424,0015787734,15
4425,0015786687,15
4426,0015787549,15
4427,0015787053,15
4428,0015787007,15
4429,0015787541,15
4430,0015787511,15
4431,0015787702,15
4432,0015787904,15
4433,0015787700,15
4434,0015786579,
4435,0015786646,15
4436,0015787728,15
4437,0015787778,15
4438,0015953397,
4439,0015786709,
4440,0015787426,
4441,0015787463,15
4442,0016002471,
4443,0015786097,15
4444,0015787396,15
4445,0015787455,
4446,0015787466,15
4447,0015969011,15
4448,0015969012,15
4449,0015970626,
4450,0015969011,
4451,0015969012,
4452,0015169327,
4453,0015786891,15
4454,0015890014,
4455,0015785958,15
4456,0015785960,15
4457,0015787330,
4458,0015886840,
4459,0015786878,15
4460,0015786269,15
4461,0015915528,
4462,0015890924,
4463,0015785949,
4464,0015787254,
4465,0015787457,
4466,0015787474,
4467,0015786407,
4468,0015827017,15
4469,0016003667,15
4470,0015787757,
4471,0015973178,
4472,0015788372,15
4473,0015788377,15
4474,0015788381,15
4475,0015788392,15
4476,0015786906,15
4477,0015786880,15
4478,0015970649,15
4479,0015970679,
4480,0015970679,15
4481,0015970680,15
4482,0015970686,
4483,0015970710,
4484,0015970725,15
4485,0015970745,15
4486,0015970800,15
4487,0015970091,15
4488,0015729998,
4489,0015786709,15
4490,0015787680,15
4491,0015788085,15
4492,0015788125,15
4493,0003700934,15
4494,0015787522,15
4495,0015788158,
4496,0015788106,15
4497,0015787019,15
4498,0015656067,15
4499,0015787914,
4500,0015787732,15
4501,0015787590,15
4502,0015787528,15
4503,0015787484,
4504,0015787671,
4505,0015730857,
4506,0015746507,
4507,0015781204,15
4508,0015818365,
4509,0015893201,
4510,0015893201,
4511,0015787756,15
4512,0016003697,
4513,0015786262,15
4514,0015886120,
4515,0015787089,15
4516,0015787299,15
4517,0015785913,15
4518,0015785953,15
4519,0015787555,
4520,0015712796,
4521,0015721245,15
4522,0015728108,
4523,0015728109,
4524,0015737783,
4525,0015970705,15
4526,0015786558,
4527,0015573065,15
4528,0015787484,15
4529,0015787409,15
4530,0015787413,15
4531,0015781069,
4532,0015781069,15
4533,0015784854,15
4534,0015721040,
4535,0015888578,
4536,0015795488,15
4537,0015918184,
4538,0015726030,
4539,0015745613,15
4540,0015734339,15
4541,0015787575,15
4542,0015787554,15
4543,0015787718,15
4544,0015787538,15
4545,0015787564,15
4546,0015957507,
4547,0015956136,
4548,0015787710,
4549,0015787724,
4550,0015788383,15
4551,0015788389,15
4552,0015788421,15
4553,0015788580,15
4554,0015788610,15
4555,0015788640,15
4556,0015788693,15
4557,0015788705,15
4558,0015788920,15
4559,0015788947,15
4560,0015788949,15
4561,0015788972,15
4562,0015788974,15
4563,0015788984,15
4564,0015788988,15
4565,0015789010,15
4566,0015789017,15
4567,0015789022,15
4568,0015789040,
4569,0015789040,15
4570,0015789053,15
4571,0015789060,15
4572,0015789068,
4573,0015789068,15
4574,0015789077,15
4575,0015789081,15
4576,0015789090,
4577,0015789090,15
4578,0015786293,15
4579,0015787469,15
4580,0015787473,15
4581,0015820428,15
4582,0015721040,
4583,0015786140,
4584,0015786046,
4585,0015733925,
4586,0015892884,
4587,0015954663,
4588,0015720926,
4589,0015786060,
4590,0015786259,
4591,0015786962,15
4592,0015786051,
4593,0015787281,15
4594,0015785677,15
4595,0015787413,
4596,0015786280,15
4597,0015731904,15
4598,0015969127,
4599,0015969127,
4600,0015788860,15
4601,0015787403,15
4602,0015787289,15
4603,0015787482,15
4604,0015786153,
4605,0015785959,
4606,0016002655,15
4607,0015720926,15
4608,0015749440,15
4609,0016002653,15
4610,0015749440,
4611,0015788363,15
4612,0015788417,
4613,0015788417,15
4614,0015788499,15
4615,0015788508,15
4616,0015809718,15
4617,0015809722,15
4618,0015818349,15
4619,0015786728,15
4620,0015818455,15
4621,0015171154,15
4622,0015784801,18
4623,0015786064,
4624,0015786102,15
4625,0015918777,1
4626,0015887079,
4627,0015786084,
4628,0015787144,
4629,0015788767,15
4630,0015785997,15
4631,0015893193,1
4632,0015734350,15
4633,0015956136,
4634,0015893201,
4635,0015785669,15
4636,0015713760,
4637,0015785959,15
4638,0015785923,15
4639,0015785587,15
4640,0015787455,15
4641,0015787318,15
4642,0015630476,
4643,0015169351,
4644,0015630476,
4645,0015969127,
4646,0015955788,
4647,0016002653,
4648,0015785961,15
4649,0015787372,
4650,0015786809,15
4651,0015786428,15
4652,0015787573,15
4653,0015787538,
4654,0015787532,15
4655,0015787732,
4656,0015787666,
4657,0015788045,15
4658,0015787914,15
4659,0015787081,15
4660,0015787891,15
4661,0015020185,15
4662,0015788033,
4663,0015788840,15
4664,0015787984,15
4665,0015788801,
4666,0015788112,15
4667,0015786716,15
4668,0015787666,
4669,0015787683,15
4670,0015787766,15
4671,0015787658,15
4672,0015787760,15
4673,0015787573,
4674,0015786702,15
4675,0015787628,15
4676,0015787605,15
4677,0015787503,15
4678,0015787028,15
4679,0015788078,15
4680,0015787019,
4681,0015786445,15
4682,0015787422,15
4683,0015787772,15
4684,0015787819,15
4685,0015787838,
4686,0015787838,15
4687,0015787858,15
4688,0015787934,15
4689,0015788095,15
4690,0015788226,15
4691,0015788258,
4692,0015788258,15
4693,0015788309,15
4694,0015788753,15
4695,0015788808,15
4696,0015788818,15
4697,0015788818,
4698,0015788835,15
4699,0015788857,15
4700,0015788857,
4701,0015788859,15
4702,0015788880,15
4703,0015788880,
4704,0015788886,15
4705,0015810278,15
4706,0015810305,15
4707,0015810545,15
4708,0015810558,15
4709,0015733574,18
4710,0015889497,
4711,0015734150,15
4712,0015787089,
4713,0015786747,15
4714,0015786809,
4715,0015969127,
4716,0015786523,
4717,0015932484,
4718,0015786306,15
4719,0015785611,
4720,0015787430,
4721,0015788860,
4722,0015954364,
4723,0015958612,
4724,0015786056,
4725,0015785864,15
4726,0015795710,
4727,0015787465,
4728,0015786287,15
4729,0015786306,
4730,0015890920,
4731,0015786101,15
4732,0015169337,15
4733,0015169329,15
4734,0015169334,15
4735,0015741739,15
4736,0015970693,15
4737,0015970898,15
4738,0015969141,15
4739,0015969058,15
4740,0015728757,
4741,0015169337,
4742,0015969058,
4743,0015169334,
4744,0015969141,
4745,0015169334,
4746,0015169377,
4747,0015788757,15
4748,0015896766,
4749,0015785669,
4750,0015787144,
4751,0015787666,15
4752,0015787709,15
4753,0015787709,
4754,0015786959,
4755,0015786188,15
4756,0015787446,15
4757,0015818585,15
4758,0015728767,15
4759,0015779935,15
4760,0015786645,15
4761,0015786523,15
4762,0015786724,
4763,0015795710,15
4764,0015742189,15
4765,0015786803,15
4766,0015968949,
4767,0015968961,
4768,0015116397,
4769,0015942895,
4770,0015741780,
4771,0015787144,
4772,0015787421,
4773,0015787456,15
4774,0015788875,15
4775,0015788692,15
4776,0015788917,15
4777,0015788873,15
4778,0015788956,15
4779,0015788605,15
4780,0015237131,15
4781,0015788481,
4782,0015788481,15
4783,0015789118,15
4784,0015789036,15
4785,0015788977,15
4786,0015788995,15
4787,0015789097,15
4788,0015794510,15
4789,0015789028,15
4790,0015794535,
4791,0015794535,15
4792,0015795441,
4793,0015795441,15
4794,0015794994,
4795,0015794994,15
4796,0015809701,15
4797,0015809697,
4798,0015809697,15
4799,0015809703,15
4800,0015795427,15
4801,0015809750,
4802,0015809750,15
4803,0015809713,15
4804,0015809740,15
4805,0015809717,
4806,0015809717,15
4807,0015809710,15
4808,0015809725,15
4809,0015809748,
4810,0015809748,15
4811,0015169918,
4812,0015169338,
4813,0015787289,
4814,0015787462,15
4815,0015970321,15
4816,0015970321,
4817,0015728317,
4818,0015730030,
4819,0015730292,
4820,0015730302,
4821,0015730296,
4822,0015730300,
4823,0015730303,
4824,0015809736,
4825,0015795218,
4826,0015786098,
4827,0015969132,15
4828,0015169319,
4829,0015785947,15
4830,0015787409,
4831,0015785978,15
4832,0015737721,15
4833,0015741996,15
4834,0015742018,15
4835,0015741992,15
4836,0015741927,15
4837,0015741943,15
4838,0015741947,15
4839,0015970662,15
4840,0015969125,15
4841,0015785788,
4842,0015811361,
4843,0015811361,15
4844,0015809786,15
4845,0015809813,15
4846,0015811243,15
4847,0015810329,15
4848,0015810319,15
4849,0015809756,15
4850,0015809754,15
4851,0015818422,
4852,0015818422,15
4853,0015818431,15
4854,0015818398,15
4855,0015811371,15
4856,0015818387,15
4857,0015818416,15
4858,0015811408,15
4859,0015818359,15
4860,0015787547,
4861,0015787465,15
4862,0015785706,15
4863,0015726030,15
4864,0015737318,15
4865,0015750616,15
4866,0015186231,15
4867,0015555446,15
4868,0015785654,15
4869,0015794761,15
4870,0015956136,
4871,0015786607,
4872,0015169329,
4873,0015969134,
4874,0015730303,15
4875,0015741894,
4876,0015741992,
4877,0015968553,15
4878,0015781069,
4879,0003700295,
4880,0015890444,
4881,0015037401,
4882,0015037401,
4883,0015956136,
4884,0015788778,
4885,0015786447,15
4886,0015787020,15
4887,0015893201,
4888,0015786857,15
4889,0015741642,15
4890,0015785611,15
4891,0015970662,
4892,0015785176,15
4893,0015785599,15
4894,0015970726,15
4895,0015731904,
4896,0015785941,15
4897,0015956136,
4898,0015788754,15
4899,0015787605,
4900,0015787575,
4901,0015787984,
4902,0015788135,15
4903,0015788851,15
4904,0015787694,15
4905,0015787793,
4906,0015787932,
4907,0015787554,
4908,0015788100,15
4909,0015788033,15
4910,0015787541,
4911,0015787745,15
4912,0015787511,
4913,0015786616,15
4914,0015787670,
4915,0015787666,
4916,0015786668,15
4917,0015786629,15
4918,0015788158,15
4919,0015787793,15
4920,0015788820,15
4921,0015787558,15
4922,0015787956,15
4923,0015786579,15
4924,0015788054,15
4925,0015788801,15
4926,0015786579,
4927,0015786543,15
4928,0015786543,
4929,0015787081,
4930,0015787499,15
4931,0015787538,
4932,0015787564,
4933,0015786064,15
4934,0015795015,15
4935,0015795015,
4936,0015785533,15
4937,0015785916,15
4938,0015787480,
4939,0015787656,
4940,0015787656,15
4941,0015787718,
4942,0015787697,15
4943,0015787590,
4944,0015787575,
4945,0015787528,
4946,0015787538,
4947,0015786959,15
4948,0016004284,15
4949,0015787477,15
4950,0015787758,
4951,0015786063,
4952,0015169322,15
4953,0015481532,15
4954,0015970625,15
4955,0015970671,15
4956,0015970672,15
4957,0015970673,15
4958,0015969836,15
4959,0015968997,15
4960,0015741993,
4961,0015970625,
4962,0015970672,
4963,0015169322,
4964,0015968997,
4965,0015986160,
4966,0015169377,15
4967,0015169327,15
4968,0015258832,15
4969,0015252930,15
4970,0015727796,15
4971,0015742091,15
4972,0015970626,15
4973,0015970729,15
4974,0015969470,15
4975,0015969471,15
4976,0015969145,15
4977,0015974062,15
4978,0015742055,
4979,0015785427,15
4980,0015786063,15
4981,0015185031,15
4982,0015185031,
4983,0015185031,
4984,0015185031,
4985,0015676885,
4986,0015745616,15
4987,0015786105,
4988,0015786400,
4989,0016002471,15
4990,0015786453,
4991,0015785587,
4992,0015787299,
4993,0015787470,
4994,0015788787,
4995,0015786871,
4996,0015956136,
4997,0015957507,
4998,0015956136,
4999,0015787468,
5000,0015787632,
5001,0015170139,15
5002,0015169374,15
5003,0015169370,15
5004,0015969033,
5005,0015730300,15
5006,0015728317,15
5007,0015970694,15
5008,0015970733,15
5009,0015970736,15
5010,0015970744,15
5011,0015970747,15
5012,0015785660,15
5013,0015728750,15
5014,0015970703,15
5015,0015969124,
5016,0015918184,
5017,0015720926,
5018,0015720926,
5019,0015720926,
5020,0015787256,15
5021,0015787475,15
5022,0015787468,
5023,0015786188,
5024,0015785945,15
5025,0015787757,15
5026,0015787372,15
5027,0015787843,15
5028,0015786046,
5029,0015786424,
5030,0015953397,1
5031,0015786760,15
5032,0015786096,
5033,0015787470,15
5034,0015787744,15
5035,0015786269,
5036,0015788757,
5037,0015786046,15
5038,0015889206,
5039,0015958611,
5040,0015786107,15
5041,0015786129,15
5042,0015741894,15
5043,0015970487,15
5044,0015970622,15
5045,0015970629,15
5046,0015968975,
5047,0015968949,
5048,0015970622,
5049,0015970200,
5050,0015139240,
5051,0015968961,
5052,0015968942,
5053,0015628989,
5054,0015614134,
5055,0015970203,
5056,0015968920,
5057,0015968967,
5058,0015116397,
5059,0015730303,
5060,0015786066,
5061,0015788904,15
5062,0015808432,15
5063,0015808434,
5064,0015808434,15
5065,0015808439,15
5066,0015808440,
5067,0015808440,15
5068,0015809664,15
5069,0015809673,
5070,0015810828,15
5071,0015169355,
5072,0015786871,15
5073,0015818284,15
5074,0015786062,
5075,0015818551,15
5076,0015785944,15
5077,0015785512,15
5078,0015785570,
5079,0015786427,
5080,0015721051,15
5081,0015676308,
5082,0015676308,
5083,0015676308,
5084,0015676885,
5085,0015725372,
5086,0016004993,
5087,0015785951,15
5088,0015781381,
5089,0015574714,15
5090,0015737700,15
5091,0015970624,15
5092,0015969470,
5093,0015169377,
5094,0015169327,
5095,0015741901,
5096,0015169319,
5097,0015169319,15
5098,0015786859,15
5099,0015742006,15
5100,0015820651,15
5101,0015968996,15
5102,0015169351,
5103,0015788712,15
5104,0015787318,
5105,0015787408,
5106,0015785650,
5107,0015786419,
5108,0015889221,
5109,0015785922,
5110,0015787027,15
5111,0015639060,15
5112,0015962013,
5113,0015819032,15
5114,0015785596,15
5115,0015786889,15
5116,0015787757,
5117,0015787422,
5118,0015787416,
5119,0015787478,15
5120,0015787843,
5121,0015788870,15
5122,0015893179,1
5123,0015787457,15
5124,0015783927,
5125,0015786899,
5126,0015890920,
5127,0015786558,15
5128,0015787438,15
5129,0015785996,
5130,0015957507,
5131,0015957507,
5132,0015957507,
5133,0015957507,
5134,0015957507,
5135,0015957507,
5136,0015786816,15
5137,0015795507,
5138,0015786445,
5139,0015785628,15
5140,0015787438,
5141,0015786105,15
5142,0015786607,15
5143,0016004010,15
5144,0015786750,
5145,0015789092,15
5146,0015789112,15
5147,0015794485,15
5148,0015794614,
5149,0015794614,15
5150,0015787691,15
5151,0015787309,15
5152,0015786029,
5153,0015958612,
